0 510
0 294
0 753
0 485
1 896
1 753
1 163
1 968
1 962
2 585
2 753
2 210
2 734
2 917
2 720
3 631
3 753
3 538
4 736
4 361
4 753
4 522
4 549
4 197
4 0
4 244
5 0
5 753
5 33
5 564
5 610
6 753
6 414
6 564
7 753
7 343
7 259
7 590
8 753
8 564
8 419
8 130
8 818
8 294
8 951
8 1065
9 238
9 294
9 753
10 753
10 901
10 781
11 27
11 564
11 753
11 688
12 753
12 826
12 674
13 749
13 753
13 121
14 753
14 688
14 547
15 753
15 33
15 700
15 260
15 870
16 1101
16 352
16 1008
16 753
16 0
17 208
17 969
17 753
17 121
17 260
18 208
18 969
18 753
18 121
18 260
19 753
19 923
19 218
19 271
20 753
20 54
20 586
21 753
21 968
21 288
22 850
22 753
22 750
23 753
23 294
23 910
23 83
24 850
24 753
24 564
24 968
25 753
25 72
25 910
25 208
25 233
26 753
26 0
26 361
26 758
27 850
27 753
27 414
27 564
27 968
27 260
27 688
27 506
28 753
28 33
28 725
28 948
29 753
29 121
29 1144
29 54
30 753
30 294
30 238
31 753
31 564
31 793
32 753
32 968
32 366
33 753
33 564
33 968
33 121
34 753
34 472
34 33
35 753
35 104
35 218
35 54
35 165
36 753
36 350
36 209
36 485
36 733
37 850
37 753
37 506
38 753
38 294
38 736
38 238
39 1012
39 753
39 294
39 818
39 268
39 54
39 338
39 165
40 962
40 839
40 753
40 27
40 139
40 968
40 218
40 453
40 818
40 670
40 54
40 301
40 951
40 237
41 962
41 753
41 968
41 264
41 1076
41 330
42 753
42 758
42 570
43 753
43 121
43 910
43 54
44 753
44 414
44 564
44 651
44 130
44 334
44 771
44 508
44 746
44 785
44 749
44 870
45 753
45 968
45 688
46 700
46 753
46 923
46 382
46 475
46 640
46 372
46 193
46 107
46 855
46 752
46 572
46 1068
46 882
46 652
46 670
46 271
46 379
46 783
46 951
46 83
47 850
47 753
47 894
48 753
48 910
48 54
49 753
49 561
49 210
50 753
50 770
50 356
51 753
51 27
51 884
51 758
51 400
51 835
52 753
52 413
52 564
52 968
52 303
52 344
53 753
53 1142
53 33
53 44
54 753
54 522
54 564
54 968
54 883
54 818
54 951
54 373
54 418
55 753
55 522
55 485
55 513
56 753
56 389
56 165
57 753
57 899
57 762
57 910
57 33
57 841
58 753
58 916
58 54
59 461
59 753
59 564
59 472
59 52
59 932
60 753
60 564
60 506
61 753
61 1041
61 688
62 850
62 753
62 27
62 564
62 968
62 506
63 753
63 238
63 485
63 353
64 753
64 413
64 1057
64 564
64 971
64 932
65 753
65 371
65 851
66 753
66 968
66 121
67 753
67 481
67 121
67 41
67 899
67 485
67 910
67 760
68 753
68 27
68 968
68 193
68 260
68 67
68 890
68 1028
68 115
69 700
69 753
69 213
70 753
70 1041
70 985
70 8
70 485
70 688
70 1124
70 487
70 835
71 753
71 27
71 260
71 733
71 916
71 33
71 54
71 224
71 165
72 753
72 597
72 0
72 922
72 54
72 1124
73 753
73 968
73 344
73 951
74 753
74 937
74 899
74 733
75 345
75 753
75 968
75 793
76 753
76 911
76 270
76 488
76 485
76 688
76 33
76 389
77 753
77 485
77 389
78 753
78 453
78 132
78 485
79 753
79 260
79 985
79 894
80 753
80 235
80 937
80 350
80 760
80 54
80 932
80 793
80 565
81 753
81 294
81 238
82 850
82 712
82 753
82 27
82 968
82 260
82 911
82 894
82 271
82 54
82 1014
83 753
83 516
83 905
84 850
84 753
84 27
84 564
84 968
85 753
85 564
85 1045
85 968
85 209
86 753
86 564
86 361
87 753
87 899
87 818
87 286
88 753
88 294
88 238
89 753
89 2
89 121
89 782
90 753
90 564
90 968
90 1032
91 753
91 968
91 298
91 368
92 753
92 564
92 968
92 418
93 753
93 371
93 1146
93 25
94 753
94 968
94 506
95 839
95 753
95 564
95 333
95 33
96 753
96 669
96 984
97 753
97 27
97 564
98 850
98 753
98 27
98 968
99 753
99 564
99 968
100 753
100 218
100 430
101 850
101 753
101 27
101 218
101 208
101 54
101 36
101 237
101 338
102 753
102 968
102 932
103 96
103 753
103 27
103 564
103 968
103 883
103 670
103 688
103 516
103 436
104 753
104 1041
104 260
104 916
104 54
104 195
105 753
105 218
105 910
106 753
106 260
106 688
107 753
107 923
107 1142
107 0
107 752
107 1040
108 753
108 193
108 218
108 485
109 753
109 1075
109 698
109 494
110 753
110 968
110 485
110 922
110 54
110 1124
111 1012
111 753
111 27
111 968
111 2
111 3
111 793
112 850
112 753
112 564
112 968
112 453
112 197
113 461
113 712
113 753
113 472
113 52
113 932
114 819
114 753
114 968
114 927
114 116
115 753
115 899
115 688
116 850
116 753
116 894
117 753
117 238
117 922
117 1049
118 753
118 27
118 294
118 238
119 753
119 485
119 910
119 54
120 850
120 753
120 260
121 753
121 277
121 899
122 753
122 564
122 643
123 753
123 33
123 54
123 195
124 753
124 733
124 54
125 753
125 195
125 128
126 753
126 238
126 42
126 922
127 753
127 752
127 757
127 33
127 389
128 345
128 753
128 968
129 753
129 121
129 722
130 753
130 736
130 0
130 1043
130 361
131 753
131 968
131 41
132 850
132 753
132 27
132 968
132 688
133 753
133 968
133 333
133 132
133 20
133 1105
134 753
134 121
134 951
135 753
135 485
135 733
136 753
136 899
136 132
137 753
137 968
137 41
137 899
138 850
138 839
138 753
138 564
138 968
138 193
138 260
138 374
138 688
138 506
138 776
139 753
139 701
139 659
140 753
140 294
140 54
140 793
141 753
141 564
141 75
141 932
142 753
142 1025
142 564
143 850
143 96
143 1012
143 700
143 753
143 27
143 413
143 97
143 564
143 1083
143 0
143 752
143 124
143 894
143 319
143 670
143 1040
143 795
143 706
144 753
144 294
144 193
144 218
144 899
144 524
144 818
144 485
144 910
144 733
144 389
144 54
145 850
145 753
145 564
145 170
146 753
146 925
146 54
147 850
147 96
147 1012
147 753
147 27
147 413
147 908
147 564
147 372
147 973
147 0
147 71
147 181
147 883
147 67
147 1036
147 261
147 553
147 9
147 574
147 880
147 670
147 496
147 688
147 952
147 823
147 922
147 781
147 506
148 753
148 899
148 818
148 688
149 753
149 564
149 932
150 753
150 485
150 688
151 753
151 1142
151 564
151 932
151 793
152 850
152 753
152 294
152 564
153 700
153 753
153 260
153 54
154 753
154 752
154 209
155 753
155 950
155 968
155 576
156 753
156 27
156 181
157 753
157 485
157 304
157 137
158 168
158 753
158 973
158 722
158 9
158 574
158 485
158 607
158 305
159 753
159 27
159 294
159 238
159 818
159 922
160 753
160 968
160 460
160 793
161 753
161 714
161 238
161 326
162 753
162 916
162 54
163 753
163 27
163 968
163 911
163 894
163 895
163 54
163 932
163 793
164 712
164 753
164 0
164 516
164 615
164 194
165 753
165 271
165 3
166 753
166 564
166 968
167 753
167 937
167 41
167 910
167 733
168 753
168 564
168 54
168 932
169 753
169 911
169 54
170 1012
170 753
170 564
170 968
170 911
170 67
170 824
170 643
171 700
171 753
171 71
172 753
172 121
172 41
172 818
172 932
172 793
173 753
173 1041
173 701
173 54
173 932
174 753
174 481
174 121
174 104
174 818
174 303
174 3
174 54
174 793
175 753
175 294
175 0
176 753
176 522
176 891
177 753
177 522
177 891
178 753
178 522
178 891
179 753
179 522
179 891
180 753
180 736
180 238
180 747
181 753
181 27
181 294
181 45
181 104
181 688
181 20
181 922
181 33
181 54
182 850
182 96
182 753
182 27
182 413
182 968
182 381
183 753
183 121
183 733
184 700
184 753
184 440
185 753
185 937
185 564
185 950
185 218
185 576
186 753
186 564
186 968
187 753
187 564
187 968
188 819
188 753
188 968
188 3
189 753
189 564
189 968
189 1023
189 587
189 688
189 31
189 535
190 850
190 753
190 27
190 564
190 260
190 894
191 850
191 753
191 27
191 968
192 850
192 753
192 27
192 968
192 0
192 71
192 894
192 688
192 31
193 345
193 753
193 597
193 71
194 753
194 663
194 895
195 753
195 688
195 535
196 712
196 753
196 663
197 753
197 260
197 104
197 422
197 1011
198 712
198 753
198 968
198 260
198 0
198 735
198 218
198 688
198 31
199 850
199 753
199 294
199 260
199 485
200 753
200 968
200 688
201 753
201 564
201 968
202 850
202 753
202 27
202 968
203 850
203 753
203 235
203 564
203 968
203 405
203 16
203 374
203 462
204 753
204 1142
204 364
204 218
205 753
205 522
205 121
205 670
205 910
206 850
206 753
206 27
206 564
206 968
206 973
206 278
206 883
206 405
206 16
206 354
206 374
206 1029
206 688
206 363
207 96
207 753
207 294
207 933
207 970
207 818
208 753
208 522
208 818
209 753
209 564
209 968
209 0
209 688
210 850
210 753
210 564
210 453
211 753
211 663
211 1122
212 753
212 818
212 165
213 753
213 968
213 688
214 753
214 736
214 154
215 461
215 753
215 979
215 1023
216 839
216 753
216 937
216 139
216 950
216 1075
216 600
216 329
217 753
217 522
217 985
218 753
218 27
218 294
218 238
219 700
219 753
219 564
219 968
219 688
220 96
220 753
220 1041
220 2
220 899
220 12
221 753
221 104
221 218
221 271
221 851
222 753
222 414
222 1041
222 884
222 564
222 968
222 260
222 1083
222 71
222 752
222 121
222 104
222 41
222 218
222 1023
222 303
222 485
222 462
222 733
222 916
223 753
223 27
223 564
224 753
224 597
224 139
224 968
224 524
225 753
225 968
225 121
226 753
226 522
226 564
227 753
227 414
227 1120
228 753
228 968
228 67
229 753
229 27
229 968
229 541
230 753
230 663
230 12
230 485
230 271
230 1069
230 733
231 753
231 522
231 139
231 218
232 850
232 753
232 27
232 968
232 104
232 485
232 688
233 753
233 688
233 31
234 753
234 968
234 289
234 38
234 453
234 1023
235 753
235 27
235 238
236 712
236 753
236 27
237 753
237 564
237 968
237 121
237 104
238 753
238 289
238 472
239 753
239 937
239 968
240 461
240 753
240 564
240 968
240 0
241 753
241 413
241 968
241 655
241 453
241 688
242 753
242 413
242 1041
242 203
243 850
243 753
243 193
243 218
244 850
244 962
244 96
244 753
244 27
244 413
244 937
244 294
244 564
244 950
244 209
244 818
244 485
244 576
245 850
245 461
245 700
245 753
245 382
245 27
245 1025
245 1041
245 564
245 0
245 71
245 822
245 894
246 850
246 96
246 753
246 27
246 294
246 968
246 238
246 911
246 818
247 753
247 968
247 803
248 712
248 753
248 597
248 559
248 0
248 142
248 68
248 987
248 805
249 753
249 1041
249 294
249 564
249 854
249 485
249 3
250 753
250 1142
250 557
250 577
250 158
250 752
250 943
250 761
250 444
251 850
251 753
251 382
251 139
252 753
252 968
252 9
252 670
253 850
253 753
253 294
253 218
253 818
253 485
254 753
254 6
254 0
255 850
255 712
255 753
255 915
255 413
255 414
255 1041
255 559
255 564
255 968
255 1092
255 894
255 62
255 624
255 513
256 753
256 218
256 271
257 753
257 968
257 0
257 121
258 753
258 260
258 41
258 899
259 753
259 597
259 968
259 894
260 850
260 700
260 753
260 1142
260 294
260 97
260 260
260 422
260 894
260 663
261 850
261 753
261 1041
261 813
262 753
262 1041
262 294
262 139
262 45
262 2
262 883
262 899
262 818
262 205
263 850
263 1015
263 700
263 753
263 27
263 968
263 193
263 181
263 121
263 926
263 934
263 374
263 485
264 753
264 485
264 670
265 753
265 968
265 243
266 753
266 209
266 218
267 753
267 564
267 0
267 218
268 753
268 104
268 41
268 218
269 753
269 1041
269 177
270 753
270 391
270 260
271 96
271 753
271 27
271 218
272 345
272 753
272 564
272 883
273 753
273 56
273 357
274 96
274 1012
274 753
275 753
275 968
275 899
276 1012
276 700
276 753
276 923
276 1006
276 422
276 670
277 753
277 899
277 485
278 753
278 407
278 513
279 753
279 27
279 475
280 96
280 753
280 27
280 413
281 712
281 753
281 27
281 1041
281 968
281 260
281 71
281 894
281 596
281 485
282 753
282 1041
282 559
282 260
282 894
283 753
283 404
283 968
283 104
283 899
284 850
284 753
284 413
284 1041
284 937
284 294
284 968
284 78
284 818
285 753
285 968
285 670
286 753
286 968
286 752
286 453
287 850
287 839
287 753
287 27
287 950
288 850
288 753
288 968
289 753
289 290
289 923
289 522
289 621
289 231
289 294
289 968
289 158
289 104
289 218
289 422
289 624
289 818
289 271
289 851
290 753
290 260
290 894
291 753
291 1023
291 211
292 753
292 1041
292 559
292 104
292 899
292 177
293 850
293 753
293 564
293 968
293 260
293 218
293 1023
293 899
294 850
294 345
294 753
294 911
295 753
295 209
295 994
296 850
296 753
296 27
296 209
297 753
297 391
297 218
297 429
298 1012
298 753
298 139
299 96
299 753
299 382
299 27
299 413
299 475
299 968
299 818
300 753
300 27
300 413
300 1057
301 819
301 753
301 27
301 294
302 753
302 27
302 260
302 894
303 753
303 1041
303 968
304 753
304 1041
304 937
304 721
304 900
305 850
305 753
305 27
305 104
305 218
305 818
305 485
306 753
306 597
306 559
307 753
307 1075
307 0
308 850
308 753
308 27
308 87
309 753
309 522
309 45
310 850
310 753
310 27
310 1062
311 753
311 923
311 27
311 413
311 911
311 894
311 899
311 818
312 753
312 104
312 209
313 753
313 1041
313 218
314 850
314 753
314 27
314 766
314 968
315 753
315 27
315 413
315 181
315 655
316 753
316 1041
316 884
317 850
317 753
317 27
317 555
317 260
318 461
318 753
318 1078
318 535
319 753
319 290
319 923
320 753
320 238
320 121
321 96
321 700
321 753
321 382
321 1001
321 294
321 1117
321 860
321 223
321 104
321 899
322 753
322 414
322 884
322 968
322 424
323 753
323 235
323 193
324 753
324 290
324 414
324 61
325 850
325 753
325 27
325 413
326 753
326 27
326 260
327 850
327 1015
327 96
327 168
327 753
327 382
327 27
327 1001
327 564
327 1045
327 968
327 228
327 448
327 181
327 124
327 383
327 553
327 894
328 700
328 753
328 218
329 850
329 461
329 712
329 753
329 27
329 1142
329 865
329 1041
329 294
329 114
329 193
329 260
329 0
329 238
329 181
329 121
329 104
329 892
329 422
329 1023
329 894
330 850
330 753
330 991
330 564
330 968
330 107
330 71
331 753
331 414
331 689
331 424
332 753
332 1142
332 597
332 0
332 238
333 753
333 564
333 968
333 1009
334 753
334 121
334 899
335 753
335 290
335 979
336 753
336 603
336 564
336 957
336 76
336 405
336 16
337 168
337 700
337 753
337 676
337 973
337 574
338 850
338 753
338 1041
338 894
339 850
339 753
339 564
340 753
340 290
340 218
341 753
341 129
341 260
341 218
341 894
342 753
342 1041
342 260
343 753
343 27
343 260
343 1083
344 96
344 753
344 277
344 57
345 753
345 27
345 294
346 753
346 207
346 1068
347 753
347 923
347 260
348 850
348 753
348 559
349 753
349 968
349 412
350 753
350 923
350 27
350 1041
350 260
350 71
351 850
351 753
351 290
351 27
351 654
351 979
352 753
352 1142
352 892
353 753
353 1142
353 564
354 753
354 1041
354 104
355 753
355 290
355 923
355 185
356 850
356 753
356 27
356 1142
356 559
356 260
356 752
356 894
357 753
357 937
357 564
358 96
358 1012
358 753
359 850
359 753
359 346
360 753
360 1041
360 372
360 979
361 712
361 753
361 71
362 712
362 753
362 71
363 753
363 968
363 892
364 1015
364 753
364 158
365 753
365 1041
365 884
365 260
366 850
366 753
366 564
366 968
367 850
367 753
367 564
368 753
368 27
368 294
369 753
369 0
369 860
370 850
370 753
370 923
370 27
371 753
371 27
371 121
372 850
372 96
372 168
372 753
372 27
372 968
373 753
373 1142
373 736
373 212
374 1012
374 753
374 27
375 96
375 753
375 238
376 753
376 1041
376 950
376 777
377 1012
377 753
377 564
378 700
378 753
378 27
379 753
379 347
379 1087
380 819
380 753
380 766
380 564
380 968
380 121
381 96
381 753
381 27
382 753
382 226
382 1041
383 629
383 753
383 958
384 753
384 564
384 16
384 491
384 239
385 753
385 991
385 294
386 850
386 96
386 753
386 27
386 583
387 753
387 1041
387 121
388 753
388 290
388 937
388 950
388 959
389 753
389 1142
389 807
390 700
390 753
390 937
391 753
391 1041
391 55
392 753
392 27
392 915
392 1142
392 597
393 753
393 27
393 294
394 850
394 753
394 923
394 226
394 1025
394 1041
394 559
394 737
395 753
395 27
395 294
396 753
396 27
396 1083
397 850
397 753
397 45
398 753
398 290
398 260
399 461
399 753
399 915
399 1041
400 753
400 564
400 15
401 753
401 991
401 55
401 350
402 850
402 1015
402 712
402 753
402 290
402 923
402 27
402 473
402 597
402 1013
402 1025
402 1041
402 97
402 71
403 753
403 714
403 294
404 850
404 753
404 1041
404 260
405 850
405 753
405 260
406 753
406 27
406 284
407 850
407 1015
407 96
407 1012
407 753
407 27
407 1048
408 96
408 700
408 753
408 294
408 564
409 753
409 597
409 991
409 564
409 139
409 787
410 850
410 151
410 753
411 850
411 753
411 290
411 923
412 850
412 753
412 27
413 753
413 350
413 504
414 850
414 753
414 247
415 850
415 712
415 753
415 290
415 27
415 597
415 260
415 0
416 850
416 753
416 1013
416 166
416 937
416 724
416 97
416 676
416 133
416 1045
416 193
417 753
417 27
417 372
418 753
418 139
418 736
419 753
419 968
419 412
420 753
420 937
420 139
421 753
421 27
421 347
421 714
421 139
422 753
422 1041
422 1120
422 260
423 151
423 753
423 290
423 1041
424 850
424 753
424 27
424 1142
424 1041
424 294
425 1012
425 753
425 39
426 96
426 753
426 27
426 597
427 753
427 347
427 235
428 629
428 753
428 473
429 753
429 27
429 1142
430 850
430 753
430 27
431 753
431 937
431 139
432 850
432 96
432 1012
432 753
432 27
432 937
432 97
432 564
432 1083
432 894
433 96
433 1012
433 753
434 850
434 753
434 923
434 139
435 96
435 1012
435 753
435 525
436 753
436 6
436 689
437 850
437 753
437 564
438 753
438 915
438 15
439 850
439 753
439 27
439 294
439 260
440 753
440 1041
440 714
440 332
440 139
440 787
441 96
441 753
441 564
442 1012
442 700
442 753
443 850
443 753
443 861
443 166
444 753
444 1106
444 290
444 846
444 641
445 753
445 1142
445 1117
446 753
446 1142
446 597
447 753
447 522
447 27
448 753
448 1142
448 597
449 753
449 332
449 564
450 850
450 962
450 151
450 1015
450 168
450 1012
450 700
450 753
450 382
450 27
450 39
450 846
450 937
450 294
451 850
451 753
451 27
451 1142
451 766
452 753
452 1142
452 714
453 850
453 753
453 1041
454 850
454 753
454 27
455 753
455 290
455 1142
455 736
456 850
456 753
456 1041
457 96
457 1012
457 753
458 839
458 753
458 522
458 27
458 294
458 139
458 1131
458 284
458 527
458 1083
458 71
458 5
459 850
459 461
459 168
459 753
460 850
460 96
460 712
460 753
460 714
460 121
460 735
461 850
461 461
461 753
461 226
461 597
462 850
462 753
462 27
463 96
463 753
463 1142
464 850
464 753
464 382
465 850
465 753
465 235
466 753
466 290
466 923
467 850
467 753
467 1041
468 753
468 290
468 923
469 96
469 1012
469 753
469 226
470 850
470 753
470 641
471 753
471 1142
471 597
472 753
472 1142
472 597
473 96
473 700
473 753
473 294
474 753
474 923
474 482
475 850
475 753
475 1041
476 96
476 753
476 1142
477 753
477 1142
477 636
478 850
478 700
478 753
478 226
479 850
479 753
479 1142
479 1041
480 753
480 522
480 1142
481 850
481 712
481 753
482 96
482 819
482 753
482 923
483 850
483 753
483 522
483 865
484 850
484 839
484 96
484 168
484 753
484 522
484 1142
484 865
484 1041
485 629
485 753
485 958
486 850
486 962
486 151
486 753
486 382
487 850
487 753
487 27
488 753
488 923
488 522
488 865
489 96
489 753
489 482
490 629
490 753
490 1142
491 1012
491 753
491 1142
492 753
492 923
492 1142
493 850
493 168
493 753
493 972
493 473
494 753
494 290
494 923
494 884
495 968
495 564
495 883
495 909
496 968
496 564
496 27
497 968
497 27
497 607
497 850
497 459
497 181
497 574
497 255
497 426
498 564
498 951
498 968
498 938
498 96
498 1073
498 963
498 268
499 653
499 968
499 564
500 564
500 991
500 968
500 27
501 564
501 968
501 27
501 883
502 968
502 564
502 506
502 27
502 574
502 1036
503 564
503 968
503 303
504 96
504 968
504 564
504 574
505 564
505 968
505 506
505 418
506 990
506 70
506 798
506 846
506 621
506 968
506 564
506 39
507 759
507 261
507 968
507 883
508 1083
508 0
508 688
508 944
508 818
508 294
508 988
508 937
508 627
508 208
508 850
508 968
508 564
509 358
509 380
509 968
509 418
509 883
510 469
510 968
510 953
511 508
511 328
511 211
511 968
511 564
512 508
512 647
512 564
512 968
513 763
513 564
513 968
513 951
513 873
513 820
513 211
513 376
514 763
514 968
514 564
514 951
514 873
514 820
514 211
514 376
515 564
515 968
515 883
515 139
516 850
516 1015
516 27
516 1142
516 968
516 973
517 850
517 968
517 2
517 33
518 564
518 968
518 883
518 418
519 819
519 564
519 968
519 2
519 883
519 108
519 322
519 951
520 564
520 968
520 883
520 418
521 27
521 564
521 968
522 564
522 968
522 506
522 951
523 850
523 968
523 21
523 688
523 88
523 282
523 102
524 968
524 182
524 1107
525 564
525 968
525 453
525 688
525 951
526 968
526 495
526 883
526 483
526 63
526 472
526 534
526 909
526 182
526 103
526 498
526 709
526 1125
526 993
526 960
526 81
526 1016
526 4
526 423
526 385
526 337
526 1002
527 564
527 968
527 481
527 883
528 97
528 968
528 67
529 27
529 564
529 968
529 670
530 27
530 968
530 474
531 968
531 932
531 793
532 96
532 27
532 968
533 168
533 564
533 968
533 883
533 574
533 951
533 418
534 27
534 564
534 968
535 968
535 782
535 1101
536 564
536 968
536 688
537 968
537 688
537 50
538 27
538 564
538 968
538 894
538 374
538 624
538 402
538 890
538 506
538 932
538 497
538 150
538 648
538 272
539 850
539 968
539 932
540 700
540 27
540 413
540 1057
540 968
540 481
541 27
541 564
541 968
541 541
541 506
541 344
541 932
541 793
541 951
541 418
542 908
542 968
542 1068
542 335
542 593
542 268
542 932
542 445
542 620
543 968
543 333
543 50
543 793
544 850
544 27
544 968
544 506
545 96
545 968
545 932
546 27
546 564
546 968
546 574
546 155
546 951
547 27
547 968
547 909
548 968
548 132
548 688
549 564
549 968
549 132
549 20
550 850
550 819
550 168
550 1012
550 27
550 413
550 621
550 991
550 968
550 0
550 181
550 883
550 541
550 1063
550 1036
550 453
550 738
550 132
550 79
550 1102
550 895
550 873
550 688
550 20
550 1146
550 506
550 1139
550 820
550 265
550 960
550 159
550 380
550 171
550 322
550 376
550 279
550 351
551 968
551 50
551 1028
551 117
552 27
552 564
552 968
552 670
553 968
553 526
553 1028
554 850
554 27
554 564
554 968
555 1012
555 700
555 27
555 937
555 968
555 670
556 968
556 271
556 33
557 45
557 968
557 182
558 564
558 950
558 968
558 797
559 968
559 218
559 899
560 1001
560 577
560 564
560 968
561 27
561 968
561 155
562 962
562 564
562 968
562 973
562 678
563 968
563 506
563 584
564 712
564 413
564 564
564 968
564 695
564 441
564 28
564 670
564 688
564 197
564 922
564 33
564 701
564 146
564 769
564 829
565 937
565 950
565 968
565 600
566 958
566 968
566 883
566 793
566 951
567 564
567 207
567 968
567 483
567 909
567 935
567 688
567 103
567 31
568 850
568 27
568 968
569 968
569 0
569 688
570 564
570 968
570 688
571 564
571 968
571 688
571 506
572 850
572 168
572 27
572 968
572 574
573 972
573 968
573 973
573 703
574 564
574 968
574 883
574 722
575 700
575 564
575 968
575 541
575 652
576 968
576 911
576 491
577 27
577 564
577 968
578 700
578 564
578 968
579 96
579 968
579 221
579 816
580 27
580 564
580 968
580 451
580 1095
580 1010
581 413
581 1057
581 968
581 971
581 932
581 793
582 968
582 132
582 20
582 54
583 968
583 319
583 182
584 968
584 41
584 453
584 731
584 20
585 564
585 968
585 132
585 20
586 564
586 968
586 132
586 20
587 968
587 132
587 20
588 564
588 968
588 132
588 20
589 564
589 968
589 132
589 20
590 564
590 968
590 132
590 20
591 564
591 968
591 132
591 20
592 564
592 968
592 132
592 20
592 50
593 564
593 968
593 132
593 20
594 564
594 968
594 132
594 20
595 564
595 968
595 132
595 20
596 564
596 968
596 132
596 20
597 564
597 968
597 132
597 20
598 968
598 132
598 20
599 564
599 968
599 132
599 20
600 850
600 27
600 968
600 883
600 16
600 688
600 462
600 31
600 760
600 506
600 932
601 96
601 27
601 937
601 564
601 950
601 968
601 333
601 1104
601 808
602 968
602 264
602 132
602 20
603 564
603 968
603 453
603 182
603 427
603 1107
603 932
604 850
604 345
604 413
604 559
604 968
604 1112
604 727
604 516
604 33
604 1
605 850
605 168
605 413
605 968
605 541
605 1036
605 909
605 818
605 688
605 506
605 862
605 159
606 27
606 564
606 968
606 911
606 9
606 935
606 1101
607 950
607 968
607 506
608 850
608 168
608 27
608 413
608 968
608 495
608 181
608 541
608 574
608 909
608 688
608 103
608 904
608 709
608 1139
608 776
608 81
609 968
609 234
609 899
610 27
610 968
610 374
610 1029
610 402
610 497
611 968
611 453
611 13
612 968
612 508
612 730
613 27
613 564
613 968
613 752
613 453
614 850
614 101
614 539
614 564
614 406
614 968
614 1077
614 124
614 261
614 202
614 788
614 374
614 909
614 182
614 1129
614 670
614 1026
614 146
614 877
614 14
615 850
615 1091
615 968
615 777
615 875
615 652
615 202
616 413
616 968
616 883
616 1068
616 688
616 462
616 760
616 344
616 932
616 1028
617 850
617 564
617 968
617 181
617 8
617 688
617 506
618 27
618 564
618 968
618 541
618 9
618 935
618 688
618 31
618 447
618 506
618 776
619 968
619 132
619 20
620 294
620 564
620 968
620 1083
620 883
620 541
620 422
620 1143
620 899
620 582
620 818
620 511
620 833
620 462
620 630
620 427
620 793
621 991
621 564
621 968
621 883
621 1068
621 760
622 27
622 1057
622 564
622 968
622 251
623 27
623 968
623 181
623 1113
624 968
624 365
624 1034
625 564
625 968
625 883
625 261
625 894
626 96
626 968
626 202
626 932
627 968
627 894
627 670
628 968
628 132
628 20
629 850
629 27
629 1142
629 564
629 950
629 968
629 0
629 895
629 72
630 839
630 1012
630 564
630 968
630 121
631 564
631 968
631 132
632 850
632 27
632 968
632 67
632 894
633 564
633 950
633 968
634 972
634 937
634 950
634 968
634 600
635 413
635 1057
635 564
635 968
635 781
636 96
636 968
636 67
637 850
637 27
637 884
637 968
637 0
637 71
637 894
637 688
637 31
638 850
638 27
638 968
638 0
638 71
638 218
638 894
638 688
638 31
639 968
639 924
639 52
640 546
640 937
640 564
640 968
640 124
640 453
640 803
641 564
641 968
641 124
641 688
642 850
642 96
642 27
642 968
643 968
643 374
643 1029
644 183
644 968
644 374
644 1029
644 402
644 125
644 50
645 621
645 968
645 899
645 205
646 27
646 564
646 139
646 968
647 850
647 1012
647 27
647 564
647 968
647 374
648 850
648 27
648 564
648 968
648 0
648 16
648 1112
648 688
648 3
648 361
649 564
649 968
649 121
649 453
650 968
650 973
650 670
651 968
651 161
651 182
652 382
652 968
652 894
652 670
653 564
653 968
653 973
653 574
653 386
654 839
654 564
654 968
654 453
655 850
655 564
655 968
656 1012
656 564
656 139
656 968
656 238
656 818
657 968
657 67
657 446
657 579
658 564
658 968
658 453
659 968
659 453
659 512
660 850
660 700
660 27
660 968
661 736
661 968
661 549
661 417
662 850
662 168
662 27
662 413
662 564
662 968
662 883
662 943
662 78
663 96
663 968
663 663
664 850
664 27
664 968
664 495
664 752
664 181
664 754
664 32
664 374
664 1029
664 125
665 700
665 968
665 273
666 968
666 121
666 899
667 968
667 752
667 899
668 968
668 899
668 288
669 476
669 463
669 968
670 968
670 911
670 121
670 894
670 670
671 27
671 475
671 564
671 968
671 67
671 9
671 934
671 899
672 168
672 968
672 934
672 374
672 1029
673 27
673 475
673 1057
673 564
673 968
673 655
673 934
673 604
673 474
673 203
674 850
674 168
674 700
674 27
674 937
674 294
674 564
674 950
674 401
674 968
674 193
674 973
674 980
674 16
674 818
675 564
675 968
675 883
676 850
676 96
676 168
676 382
676 27
676 475
676 968
676 973
676 67
676 670
677 968
677 41
677 986
678 564
678 968
678 132
679 168
679 564
679 968
679 973
679 453
680 968
680 182
680 1107
680 932
681 850
681 839
681 476
681 413
681 968
681 973
681 957
681 883
681 405
681 16
681 1068
681 827
681 1036
681 934
681 688
681 535
682 413
682 968
682 934
682 374
682 161
683 850
683 962
683 819
683 382
683 539
683 27
683 413
683 323
683 728
683 564
683 968
683 973
683 181
683 957
683 278
683 883
683 16
683 124
683 78
683 852
683 1102
683 818
683 670
683 748
684 968
684 453
684 202
685 1041
685 968
685 260
686 382
686 27
686 968
686 212
687 564
687 968
687 16
687 374
688 564
688 968
688 16
688 374
689 850
689 968
689 374
689 355
690 850
690 968
690 899
691 850
691 168
691 27
691 968
691 973
691 9
692 96
692 1012
692 27
692 968
692 67
693 27
693 968
693 911
694 968
694 752
694 121
694 374
694 161
695 700
695 382
695 294
695 968
695 973
695 649
695 261
696 850
696 1015
696 96
696 968
696 667
697 923
697 1142
697 968
698 850
698 968
698 663
699 968
699 41
699 899
700 235
700 968
700 374
700 568
701 27
701 968
701 212
701 254
702 968
702 899
702 201
703 968
703 41
703 899
704 850
704 168
704 27
704 413
704 564
704 968
704 973
705 962
705 968
705 541
705 374
706 968
706 458
706 374
707 96
707 1012
707 968
707 1017
708 168
708 968
708 900
708 32
709 819
709 347
709 968
709 319
710 850
710 168
710 968
710 415
710 894
711 850
711 968
711 374
712 1142
712 404
712 968
712 41
713 413
713 968
713 1143
714 846
714 621
714 564
714 968
714 882
715 168
715 968
715 973
715 541
715 67
715 417
716 564
716 968
716 1009
717 629
717 958
717 564
717 968
717 148
718 151
718 384
718 804
718 603
718 639
718 564
718 372
718 284
718 968
718 973
718 855
718 134
718 228
718 775
718 181
718 847
718 189
718 528
718 609
718 320
718 124
718 926
718 383
718 281
718 46
719 850
719 968
719 124
719 67
719 788
720 850
720 1012
720 968
720 2
720 415
720 900
720 894
720 943
720 818
720 670
720 1017
721 850
721 461
721 96
721 712
721 382
721 27
721 413
721 1057
721 968
721 735
721 882
721 281
721 894
721 496
722 972
722 937
722 564
722 950
722 968
722 405
722 371
723 700
723 404
723 937
723 968
723 1083
724 850
724 404
724 968
725 850
725 968
725 234
726 850
726 700
726 968
727 850
727 968
727 535
728 850
728 96
728 819
728 168
728 539
728 27
728 413
728 564
728 968
728 193
728 973
728 0
728 541
728 124
729 168
729 696
729 968
729 973
730 850
730 168
730 27
730 413
730 908
730 968
730 973
730 495
730 93
731 401
731 968
731 541
732 850
732 168
732 1012
732 27
732 413
732 968
732 91
732 883
732 354
733 850
733 168
733 27
733 968
733 91
733 883
733 354
734 473
734 968
734 93
735 968
735 91
735 93
735 541
735 124
736 850
736 168
736 1012
736 27
736 413
736 564
736 968
736 91
736 883
736 16
736 354
737 461
737 968
737 892
738 850
738 168
738 564
738 968
738 973
738 883
738 124
739 1015
739 168
739 413
739 968
740 461
740 168
740 27
740 413
740 736
740 968
740 973
740 883
740 431
740 541
740 124
741 968
741 91
741 93
742 382
742 27
742 968
743 850
743 564
743 968
743 16
744 968
744 1003
744 93
745 1012
745 382
745 621
745 991
745 949
745 45
745 968
745 481
745 571
746 850
746 564
746 968
746 412
747 962
747 1015
747 168
747 700
747 577
747 968
747 1006
747 288
748 850
748 461
748 168
748 27
748 413
748 968
748 973
748 883
748 431
749 968
749 697
749 1062
750 168
750 686
750 968
751 850
751 564
751 968
752 96
752 564
752 277
752 968
752 5
752 223
753 27
753 564
753 181
753 312
754 1016
754 564
754 700
754 1036
754 27
755 27
755 9
755 781
755 1007
756 9
756 901
756 27
756 781
756 409
756 477
756 1079
757 452
757 1036
757 971
757 705
757 27
758 488
758 894
758 27
758 670
758 831
758 40
759 27
759 1036
759 971
759 630
760 27
760 413
760 564
761 27
761 474
761 514
762 850
762 96
762 27
762 97
763 27
763 818
763 50
763 1011
763 1101
763 437
763 1114
763 318
764 27
764 413
764 1057
764 564
764 181
764 1036
764 312
765 27
765 541
765 670
765 506
765 255
766 27
766 655
766 251
767 27
767 413
767 558
767 1036
767 681
767 242
768 27
768 413
768 932
769 27
769 413
769 496
770 27
770 413
770 1057
771 700
771 27
771 670
772 27
772 564
772 932
773 27
773 413
773 1057
773 2
773 911
773 496
773 971
774 27
774 1057
774 1004
774 453
775 27
775 413
775 132
775 729
775 1022
775 240
776 27
776 941
776 142
776 670
777 27
777 1036
777 971
777 630
778 27
778 937
778 181
778 771
778 250
778 785
778 517
779 27
779 413
779 729
780 27
780 1036
780 116
780 793
780 312
781 96
781 27
781 9
781 821
781 1101
782 27
782 97
782 2
782 67
782 882
783 27
783 729
783 1101
784 850
784 819
784 27
784 991
784 193
784 571
784 1068
784 652
784 444
785 27
785 564
785 610
785 932
785 569
785 575
786 850
786 27
786 230
786 375
786 181
786 992
786 374
786 622
786 507
786 506
786 312
787 850
787 27
787 230
787 375
787 181
787 354
787 992
787 374
787 507
787 506
787 857
787 312
787 348
788 27
788 413
788 971
789 850
789 27
789 824
790 27
790 1101
790 642
791 27
791 453
791 155
792 27
792 1057
792 1036
793 96
793 1012
793 27
793 908
793 167
793 945
793 223
793 47
793 796
793 970
793 118
794 700
794 27
794 810
795 27
795 413
795 139
795 1108
795 73
796 96
796 972
796 27
796 564
796 57
796 643
797 27
797 312
797 181
797 1036
797 96
798 850
798 27
798 230
798 937
798 564
798 193
798 354
799 27
799 294
799 289
800 27
800 564
800 818
800 670
801 27
801 413
801 641
802 27
802 413
802 1036
803 850
803 27
803 1057
803 415
803 592
803 453
803 670
803 267
804 700
804 27
804 818
804 932
804 793
805 700
805 27
805 818
805 3
805 1011
806 27
806 937
806 564
806 181
806 610
807 27
807 413
807 899
808 27
808 413
808 781
808 251
809 27
809 413
809 778
810 27
810 453
810 155
811 27
811 413
811 1064
812 96
812 1012
812 27
812 413
812 1057
813 27
813 413
813 564
813 453
814 850
814 700
814 27
814 670
815 27
815 564
815 1109
816 850
816 96
816 27
816 911
816 415
816 939
817 226
817 27
817 413
818 96
818 27
818 564
819 27
819 413
819 950
819 203
819 781
820 27
820 413
820 899
821 96
821 27
821 655
822 27
822 804
822 413
822 372
822 98
823 27
823 413
823 485
823 203
823 513
824 27
824 413
824 1057
824 899
824 1108
825 1012
825 27
825 894
826 700
826 27
826 413
826 235
826 564
826 45
826 1108
827 382
827 27
827 973
828 151
828 168
828 27
829 27
829 655
829 670
830 27
830 413
830 453
831 96
831 27
831 413
831 564
831 1004
831 280
832 27
832 413
832 235
832 899
833 850
833 168
833 27
833 675
833 435
834 700
834 382
834 27
834 97
834 670
835 96
835 27
835 277
835 5
835 940
835 939
835 1147
836 96
836 700
836 27
836 413
836 1057
836 564
836 456
836 604
836 1080
837 27
837 2
837 181
837 911
837 16
837 281
837 894
838 27
838 457
838 193
838 571
838 1003
838 138
838 1088
838 64
838 1121
838 58
838 421
838 1146
838 581
839 27
839 1001
839 752
840 850
840 96
840 27
840 454
840 564
840 722
841 850
841 27
841 209
842 850
842 1015
842 168
842 700
842 27
842 564
842 973
843 850
843 27
843 911
844 96
844 27
844 1004
844 67
845 850
845 1015
845 712
845 700
845 382
845 27
845 697
845 124
845 560
845 788
845 254
846 27
846 564
846 1004
846 882
846 281
847 850
847 96
847 27
847 413
847 937
847 950
847 856
847 737
847 827
847 853
847 1143
848 27
848 74
848 1068
848 335
849 27
849 207
849 121
849 899
850 27
850 413
850 1004
850 827
850 67
851 700
851 27
851 139
852 850
852 819
852 384
852 27
852 230
852 166
852 457
852 728
852 287
852 564
852 1050
852 94
852 193
852 375
852 181
852 1003
852 262
852 847
852 278
852 93
852 405
852 173
852 320
852 827
852 124
852 354
852 992
852 383
852 535
853 96
853 1012
853 27
853 1008
854 850
854 27
854 931
854 213
854 911
855 96
855 27
855 655
856 27
856 475
856 139
857 96
857 27
857 413
857 1004
858 27
858 413
858 655
858 1004
859 850
859 27
859 655
860 96
860 1012
860 700
860 27
860 277
861 850
861 382
861 27
862 27
862 372
862 752
863 27
863 228
863 181
863 609
864 27
864 413
864 856
864 193
865 1012
865 700
865 382
865 27
865 404
865 475
865 828
865 1053
865 950
866 27
866 413
866 856
866 193
867 382
867 27
867 372
867 448
868 850
868 923
868 382
868 27
869 850
869 1015
869 27
870 850
870 972
870 27
870 611
870 413
870 937
870 950
871 700
871 27
871 475
871 495
871 754
872 96
872 27
872 856
872 1004
873 850
873 27
873 413
874 850
874 712
874 700
874 382
874 27
874 413
874 475
874 1007
874 1004
875 712
875 1012
875 27
875 53
875 1090
875 950
875 856
876 96
876 699
876 27
876 406
877 27
877 97
877 950
877 973
878 850
878 1015
878 27
878 413
878 1083
879 850
879 962
879 168
879 27
879 97
879 973
880 27
880 413
880 1057
881 850
881 27
881 804
881 564
881 372
882 850
882 382
882 27
882 804
882 475
883 96
883 1012
883 27
883 564
884 850
884 962
884 522
884 27
884 350
885 850
885 96
885 1012
885 27
886 850
886 27
886 804
886 475
886 372
886 228
886 448
887 850
887 700
887 382
887 27
887 475
888 850
888 96
888 168
888 1012
888 700
888 382
888 27
888 1001
888 1008
888 973
889 850
889 27
889 475
889 228
890 1015
890 27
890 475
891 27
891 639
891 284
891 448
892 1015
892 382
892 27
893 850
893 1015
893 27
893 413
894 850
894 96
894 819
894 700
894 382
894 27
894 991
895 850
895 96
895 27
896 96
896 1012
896 27
896 1008
897 850
897 27
897 1013
898 850
898 27
898 284
899 850
899 1015
899 96
899 168
899 1012
899 27
900 850
900 923
900 27
900 1142
900 559
900 463
900 737
901 850
901 96
901 27
901 413
901 1057
902 850
902 27
902 804
902 475
902 950
903 96
903 27
903 949
904 850
904 27
904 230
904 457
904 287
904 564
904 393
904 193
904 495
904 571
904 1003
905 850
905 96
905 27
906 850
906 1015
906 27
907 850
907 27
907 133
908 96
908 382
908 27
909 1015
909 96
909 168
909 1012
909 1035
909 27
909 804
909 519
909 231
909 636
909 139
909 277
910 27
910 804
910 284
911 27
911 1007
911 235
912 27
912 804
912 639
913 96
913 382
913 27
913 475
914 850
914 96
914 27
914 413
915 850
915 345
915 1015
915 96
915 168
915 1012
915 739
915 27
915 473
915 475
916 850
916 1015
916 96
916 27
916 804
916 475
917 850
917 923
917 27
917 1013
918 850
918 1015
918 96
918 27
918 413
918 482
918 1057
919 850
919 168
919 27
920 193
920 850
920 564
920 839
921 850
921 564
921 932
921 193
921 139
921 681
921 58
921 225
921 331
921 222
922 850
922 333
922 731
923 850
923 700
923 364
923 663
923 895
923 1018
924 850
924 413
924 564
925 850
925 506
925 255
926 850
926 752
926 894
927 850
927 564
927 255
928 850
928 819
928 294
928 564
928 117
929 850
929 700
929 97
930 850
930 382
930 564
930 572
930 818
930 670
930 462
931 850
931 564
931 319
932 850
932 294
932 818
932 670
932 643
933 850
933 230
933 564
933 193
933 354
934 850
934 564
934 193
934 1068
934 899
935 850
935 96
935 67
936 850
936 96
936 67
937 850
937 96
937 67
938 850
938 839
938 597
939 850
939 473
939 597
939 260
939 892
940 850
940 937
940 564
940 16
941 850
941 413
941 143
942 850
942 230
942 166
942 640
942 94
942 617
942 193
942 354
942 992
943 850
943 475
943 894
944 850
944 230
944 235
944 564
945 850
945 413
945 67
946 850
946 564
946 405
946 16
946 1046
946 354
947 850
947 856
947 967
948 850
948 856
948 967
949 850
949 1015
949 700
949 382
949 57
950 850
950 461
950 382
950 139
950 931
951 850
951 96
951 382
951 404
952 850
952 290
952 1041
953 850
953 923
953 597
954 850
954 1089
954 350
955 850
955 1015
955 168
956 850
956 724
956 193
957 850
957 461
957 401
958 850
958 712
958 923
959 850
959 881
959 235
960 850
960 712
960 689
961 850
961 168
961 416
962 850
962 461
962 923
963 850
963 168
963 231
964 850
964 503
964 475
964 724
964 287
965 850
965 1015
965 96
965 413
965 711
966 850
966 1015
966 96
966 168
966 1012
966 700
966 382
966 696
966 602
967 850
967 461
967 290
967 382
967 473
967 597
967 828
968 850
968 168
968 166
969 850
969 168
969 290
969 34
969 1142
969 1001
970 850
970 1015
970 168
970 382
970 404
971 850
971 1015
971 476
972 850
972 384
972 1093
972 230
973 850
973 96
973 168
973 700
973 382
974 850
974 461
974 96
974 168
975 850
975 96
975 168
976 901
976 781
976 450
976 564
976 951
977 275
977 321
977 465
977 203
977 772
977 52
977 413
977 789
977 564
977 285
977 942
977 573
977 84
977 790
977 969
977 236
977 758
978 700
978 564
978 640
978 899
978 542
979 564
979 818
979 210
979 294
979 559
979 359
979 917
980 564
980 932
980 269
981 564
981 883
981 314
982 564
982 19
982 793
983 564
983 950
983 883
983 38
984 564
984 932
984 793
984 1010
985 564
985 1045
985 883
985 987
985 688
986 906
986 564
986 333
986 688
986 760
987 700
987 564
987 451
987 3
988 564
988 950
988 736
988 132
988 731
988 600
988 445
989 564
989 132
989 731
989 605
990 564
990 688
990 31
990 680
991 564
991 688
991 31
992 96
992 564
992 932
993 564
993 758
993 1138
993 178
994 564
994 883
994 161
994 169
994 951
995 564
995 1036
995 637
995 241
995 932
995 793
996 564
996 132
996 20
997 564
997 132
997 20
998 564
998 899
998 932
999 564
999 899
999 132
1000 564
1000 132
1000 20
1001 564
1001 899
1001 132
1002 564
1002 132
1002 20
1003 96
1003 564
1003 781
1004 96
1004 413
1004 294
1004 564
1004 655
1004 1004
1004 422
1004 818
1004 303
1004 119
1004 1108
1004 781
1004 947
1004 793
1004 159
1005 564
1005 818
1005 644
1006 937
1006 564
1006 950
1007 564
1007 209
1007 624
1007 491
1007 818
1008 766
1008 564
1008 278
1008 76
1008 883
1008 16
1008 78
1009 839
1009 235
1009 981
1009 564
1009 320
1009 1046
1010 413
1010 564
1010 919
1010 281
1011 564
1011 1046
1011 253
1012 235
1012 564
1012 189
1012 76
1012 16
1013 564
1013 315
1013 537
1014 96
1014 564
1014 277
1014 5
1015 413
1015 235
1015 564
1016 290
1016 564
1016 736
1017 96
1017 1144
1017 277
1018 629
1018 96
1018 1012
1018 734
1018 367
1018 319
1019 96
1019 214
1019 970
1019 645
1019 319
1020 96
1020 214
1020 970
1020 319
1020 1031
1021 652
1021 263
1021 96
1021 268
1022 96
1022 1012
1022 908
1022 620
1023 96
1023 875
1023 67
1023 202
1024 96
1024 875
1024 202
1025 629
1025 96
1025 1012
1025 339
1025 148
1025 848
1025 720
1025 317
1025 707
1025 660
1025 500
1026 96
1026 908
1026 223
1026 706
1026 620
1027 96
1027 1012
1027 908
1028 839
1028 629
1028 96
1028 1012
1028 958
1028 787
1028 319
1028 764
1028 734
1028 367
1028 1031
1028 1061
1028 848
1028 720
1028 135
1028 1096
1028 317
1028 638
1028 814
1028 540
1029 96
1029 277
1029 324
1029 484
1029 562
1030 96
1030 277
1030 5
1030 970
1030 706
1030 1054
1031 96
1031 624
1031 731
1031 50
1031 793
1032 96
1032 919
1032 643
1033 151
1033 96
1033 413
1033 604
1033 1080
1033 971
1034 96
1034 899
1034 1011
1035 96
1035 294
1035 973
1035 1083
1035 422
1035 818
1035 3
1036 839
1036 96
1036 818
1037 96
1037 277
1037 5
1038 96
1038 650
1038 67
1039 96
1039 950
1039 670
1040 96
1040 1035
1040 277
1040 223
1041 96
1041 1012
1041 277
1042 629
1042 96
1042 1012
1042 958
1042 139
1042 787
1043 96
1043 700
1043 294
1043 121
1043 9
1044 96
1044 1012
1044 9
1045 96
1045 908
1045 736
1045 936
1045 179
1046 96
1046 1012
1046 1035
1046 937
1046 139
1046 1008
1046 238
1046 223
1046 47
1047 96
1047 294
1047 1083
1047 218
1048 96
1048 1012
1048 950
1048 277
1049 96
1049 1012
1049 121
1050 96
1050 139
1050 395
1051 96
1051 1012
1051 908
1052 96
1052 777
1052 875
1053 96
1053 1012
1053 908
1054 96
1054 1012
1054 945
1055 96
1055 1012
1055 908
1056 96
1056 1012
1056 945
1057 96
1057 168
1057 686
1057 973
1058 96
1058 1035
1058 908
1058 1008
1058 223
1059 96
1059 1012
1059 1001
1059 294
1059 139
1059 277
1059 223
1060 96
1060 1035
1060 908
1060 1008
1060 229
1061 96
1061 1012
1061 382
1062 96
1062 1012
1062 908
1063 96
1063 294
1063 950
1063 1083
1064 96
1064 1007
1064 327
1065 96
1065 1012
1065 1035
1065 223
1066 96
1066 546
1066 139
1067 96
1067 1012
1067 945
1068 96
1068 235
1068 406
1069 96
1069 168
1069 700
1070 96
1070 1012
1070 1035
1070 908
1071 96
1071 923
1071 413
1071 475
1072 96
1072 972
1072 739
1073 839
1073 96
1073 1012
1073 937
1073 283
1073 718
1074 96
1074 1012
1074 1035
1074 908
1075 96
1075 1012
1075 908
1076 96
1076 856
1076 57
1076 655
1077 96
1077 1012
1077 382
1078 96
1078 972
1078 908
1079 132
1079 20
1079 605
1080 132
1080 982
1080 390
1081 950
1081 132
1081 600
1081 439
1081 180
1082 333
1082 152
1082 132
1082 731
1082 203
1082 20
1082 745
1082 397
1082 605
1082 299
1083 132
1083 20
1083 501
1084 597
1084 0
1084 132
1084 33
1085 132
1085 20
1085 322
1086 107
1086 335
1086 132
1087 899
1087 132
1087 20
1088 132
1088 20
1088 50
1089 132
1089 20
1089 50
1090 899
1090 132
1090 20
1091 899
1091 132
1091 20
1092 132
1092 20
1092 50
1093 899
1093 132
1093 20
1094 899
1094 132
1094 20
1095 899
1095 132
1095 20
1096 899
1096 132
1096 20
1097 457
1097 132
1097 20
1098 457
1098 132
1098 20
1099 0
1099 132
1099 88
1100 132
1100 20
1100 907
1101 183
1101 132
1101 145
1102 132
1102 95
1102 688
1103 132
1103 731
1103 20
1104 132
1104 249
1104 172
1105 413
1105 132
1105 511
1105 630
1106 364
1106 132
1106 20
1107 132
1107 20
1107 605
1108 141
1108 132
1108 731
1108 50
1109 471
1109 340
1109 132
1110 991
1110 899
1110 132
1111 899
1111 132
1111 20
1112 621
1112 798
1112 991
1112 132
1113 413
1113 971
1113 705
1114 413
1114 558
1114 971
1114 17
1115 151
1115 413
1115 1057
1115 894
1115 604
1115 496
1115 123
1115 932
1116 413
1116 1041
1116 895
1117 413
1117 882
1117 781
1117 643
1118 413
1118 511
1118 630
1119 413
1119 1057
1119 663
1120 413
1120 971
1120 781
1121 413
1121 971
1121 781
1122 413
1122 1057
1122 1004
1123 413
1123 1004
1123 1080
1124 1037
1124 211
1124 256
1124 1146
1124 457
1124 937
1124 694
1124 386
1124 989
1124 1042
1124 731
1124 591
1124 20
1124 685
1125 937
1125 449
1125 20
1125 975
1125 1038
1126 290
1126 414
1126 209
1127 290
1127 765
1127 87
1128 290
1128 323
1128 636
1128 87
1129 290
1129 323
1129 636
1129 74
1129 520
1129 87
1130 290
1130 923
1130 1041
1131 290
1131 1041
1131 297
1132 290
1132 323
1132 184
1133 168
1133 700
1133 577
1133 158
1133 788
1133 670
1134 168
1134 382
1134 1001
1135 1015
1135 168
1135 815
1136 168
1136 686
1136 133
1136 1008
1136 973
1137 1015
1137 168
1137 700
1137 382
1138 962
1138 1015
1138 168
1139 812
1139 168
1139 974
1139 133
1139 973
1140 168
1140 686
1140 60
1141 168
1141 700
1141 382
1141 1001
1141 1006
1142 839
1142 629
1142 168
1142 1012
1142 958
1142 906
1142 294
1142 595
1143 168
1143 700
1143 382
1143 804
1143 475
1143 828
1143 325
1144 101
1144 1015
1144 168
1144 700
1144 382
1144 974
1144 602
1145 621
1145 933
1145 899
1145 165
1146 121
1146 899
1146 178
1147 264
1147 899
1147 670
1147 1011
1147 929
1148 162
1148 899
1148 273
1149 621
1149 899
1149 205
1150 621
1150 899
1150 407
1151 207
1151 121
1151 41
1151 899
1152 700
1152 752
1152 899
1153 1041
1153 894
1153 688
1153 556
1154 345
1154 688
1154 932
1154 86
1155 991
1155 481
1155 571
1155 933
1155 8
1155 303
1155 688
1155 760
1155 1146
1155 83
1156 883
1156 1116
1156 688
1157 453
1157 803
1157 688
1157 508
1158 235
1158 757
1158 389
1159 235
1159 189
1159 164
1160 962
1160 235
1160 121
1161 962
1161 235
1161 1044
1162 881
1162 235
1162 950
1163 235
1163 207
1163 45
1164 1012
1164 235
1164 950
1165 771
1165 106
1165 909
1165 612
1165 578
1165 153
1165 840
1165 679
1165 563
1165 937
1165 608
1165 306
1166 937
1166 378
1166 608
1166 751
1166 37
1166 140
1166 43
1166 502
1166 1115
1167 1146
1167 83
1167 457
1167 937
1167 421
1167 740
1167 572
1167 1076
1168 937
1168 212
1168 683
1169 937
1169 950
1169 463
1169 932
1169 392
1169 274
1170 457
1170 937
1170 421
1170 1146
1170 83
1171 937
1171 975
1171 1146
1171 768
1172 937
1172 950
1172 121
1172 407
1173 937
1173 950
1173 121
1173 41
1173 67
1173 894
1174 466
1174 183
1174 937
1174 950
1174 141
1175 1041
1175 937
1175 884
1175 950
1175 75
1176 39
1176 937
1176 981
1177 1137
1177 914
1177 294
1177 122
1178 294
1178 716
1178 291
1178 942
1178 951
1178 196
1179 294
1179 139
1179 652
1179 202
1179 818
1179 643
1179 932
1180 294
1180 1083
1180 41
1181 700
1181 382
1181 294
1181 1081
1181 277
1181 676
1181 1083
1181 860
1181 16
1181 266
1182 962
1182 1015
1182 700
1182 699
1182 382
1182 972
1182 739
1182 519
1182 668
1182 475
1182 231
1182 294
1182 277
1182 406
1182 1039
1182 723
1182 1008
1183 962
1183 1015
1183 700
1183 699
1183 382
1183 972
1183 739
1183 519
1183 668
1183 231
1183 294
1183 277
1183 406
1183 1039
1183 723
1184 819
1184 700
1184 603
1184 294
1185 1041
1185 67
1185 12
1185 741
1185 113
1186 345
1186 1041
1186 722
1186 1051
1187 345
1187 1041
1187 722
1187 961
1187 433
1188 915
1188 473
1188 1041
1188 736
1188 0
1189 923
1189 473
1189 1041
1190 112
1190 1145
1190 894
1191 1057
1191 894
1191 1108
1192 894
1192 474
1192 971
1192 964
1193 894
1193 757
1193 780
1193 389
1194 121
1194 650
1194 894
1194 1064
1195 1146
1195 457
1195 809
1195 83
1195 421
1195 336
1195 794
1195 768
1195 887
1195 1072
1196 457
1196 1146
1196 83
1197 457
1197 45
1197 571
1197 1146
1198 819
1198 476
1198 457
1199 1012
1199 950
1199 223
1200 89
1200 950
1200 657
1201 382
1201 804
1201 404
1201 475
1201 166
1201 828
1201 97
1201 950
1201 372
1201 111
1201 941
1201 1008
1202 700
1202 382
1202 670
1202 885
1203 624
1203 670
1203 271
1203 961
1203 341
1204 382
1204 548
1204 670
1205 382
1205 548
1205 670
1206 382
1206 548
1206 670
1207 1001
1207 876
1207 670
1207 868
1208 142
1208 67
1208 670
1209 700
1209 382
1209 360
1209 670
1209 953
1209 150
1210 908
1210 223
1210 670
1211 382
1211 828
1211 670
1211 271
1211 955
1212 911
1212 121
1212 670
1213 211
1213 541
1213 951
1213 883
1214 883
1214 344
1214 932
1215 625
1215 883
1215 453
1216 345
1216 883
1216 722
1216 1051
1216 18
1217 577
1217 158
1217 883
1217 261
1218 506
1218 691
1218 191
1218 776
1218 478
1219 72
1219 0
1219 627
1220 0
1220 516
1220 905
1221 121
1221 818
1221 1126
1221 419
1221 646
1221 215
1221 422
1222 333
1222 845
1222 818
1223 414
1223 209
1223 56
1223 818
1223 994
1224 2
1224 121
1224 818
1224 490
1224 623
1224 878
1225 923
1225 1142
1225 597
1226 923
1226 1142
1226 597
1226 505
1226 441
1227 382
1227 611
1227 804
1227 597
1227 475
1227 133
1228 923
1228 1142
1228 597
1229 923
1229 473
1229 597
1230 700
1230 260
1230 1083
1231 344
1231 932
1231 793
1232 121
1232 41
1232 344
1232 932
1233 345
1233 898
1233 995
1234 345
1234 308
1234 722
1234 1051
1234 18
1234 86
1234 961
1234 433
1235 345
1235 712
1235 736
1235 549
1235 67
1235 942
1236 345
1236 700
1236 722
1237 345
1237 475
1237 1083
1238 461
1238 712
1238 915
1238 97
1239 461
1239 712
1239 382
1239 915
1239 503
1240 712
1240 503
1240 1142
1241 712
1241 923
1241 881
1241 991
1242 752
1242 172
1242 868
1243 752
1243 1011
1243 920
1244 965
1244 543
1244 991
1245 991
1245 1068
1245 760
1246 991
1246 1019
1246 481
1246 24
1246 1068
1246 760
1246 403
1247 991
1247 1068
1247 760
1247 83
1248 991
1248 45
1248 571
1249 792
1249 621
1249 906
1249 991
1249 618
1249 571
1249 933
1249 24
1250 1012
1250 991
1250 139
1251 461
1251 503
1251 1085
1251 991
1252 277
1252 5
1252 1054
1253 277
1253 238
1253 5
1253 223
1254 277
1254 5
1254 643
1255 404
1255 277
1255 900
1255 939
1255 50
1256 1012
1256 277
1256 5
1257 839
1257 787
1257 914
1257 126
1257 192
1257 1140
1257 99
1257 1033
1257 408
1257 127
1258 839
1258 319
1258 329
1259 839
1259 183
1259 401
1260 839
1260 1012
1260 139
1260 787
1260 914
1261 839
1261 629
1261 958
1261 148
1262 514
1262 1057
1262 971
1263 1057
1263 558
1263 1004
1263 954
1264 151
1264 1057
1264 604
1264 971
1265 217
1265 453
1265 48
1265 594
1265 160
1265 149
1265 429
1265 598
1265 296
1265 1058
1265 1052
1265 836
1265 390
1266 819
1266 713
1266 1116
1267 819
1267 843
1267 410
1267 123
1267 120
1268 54
1268 1130
1268 870
1269 382
1269 1001
1269 67
1270 700
1270 382
1270 1001
1271 1035
1271 503
1271 1001
1272 151
1272 700
1272 382
1272 404
1273 541
1273 1036
1273 241
1274 1036
1274 50
1274 727
1275 271
1275 961
1275 783
1276 271
1276 961
1276 616
1276 783
1277 271
1277 961
1277 616
1277 783
1277 1070
1278 1116
1278 271
1278 747
1279 559
1279 467
1279 271
1280 508
1280 647
1280 746
1280 1005
1280 328
1280 889
1280 1133
1281 508
1281 647
1281 921
1282 508
1282 199
1282 746
1283 508
1283 328
1283 647
1283 632
1284 508
1284 151
1284 708
1285 508
1285 1120
1285 328
1286 508
1286 746
1286 1005
1286 328
1287 736
1287 549
1287 1043
1288 700
1288 382
1288 97
1289 1012
1289 700
1289 97
1290 1012
1290 223
1290 319
1290 1059
1290 643
1291 1012
1291 319
1291 643
1292 1012
1292 223
1292 118
1293 16
1293 743
1293 281
1294 414
1294 911
1294 793
1295 333
1295 1146
1295 216
1295 316
1295 1074
1296 211
1296 1146
1296 83
1297 629
1297 958
1297 914
1298 757
1298 50
1298 744
1299 461
1299 923
1299 382
1299 473
1300 202
1300 731
1300 1101
1301 911
1301 9
1301 1101
1302 663
1302 607
1302 542
1303 663
1303 895
1303 44
1304 1080
1304 415
1304 2
1305 2
1305 911
1305 121
1306 2
1306 415
1306 619
1306 548
1306 72
1306 468
1306 545
1307 2
1307 911
1307 424
1308 846
1308 621
1308 798
1308 70
1309 1031
1309 643
1309 477
1310 333
1310 845
1310 152
1311 406
1311 315
1311 537
1312 734
1312 720
1312 49
1313 1012
1313 734
1313 732
1313 464
1313 720
1313 367
1313 917
1314 367
1314 734
1314 720
1314 684
1314 1097
1314 917
1315 734
1315 367
1315 1061
1315 720
1315 588
1316 1116
1316 399
1316 841
1317 802
1317 256
1317 863
1317 339
1317 83
1318 8
1318 731
1318 573
1319 906
1319 1132
1319 595
1319 976
1320 1025
1320 720
1320 758
1320 715
1320 309
1321 923
1321 485
1321 733
1322 212
1322 560
1322 710
1323 970
1323 474
1323 551
1324 56
1324 560
1324 710
1324 902
1325 671
1325 212
1325 35
1325 560
1325 893
1325 710
1326 700
1326 577
1326 1006
1326 158
1326 121
1326 1126
1326 77
1327 885
1327 577
1327 158
1328 700
1328 382
1328 577
1329 390
1329 1138
1329 178
1330 787
1330 121
1330 826
1331 100
1331 516
1331 442
1332 1025
1332 364
1332 983
1333 26
1333 174
1333 1094
1333 677
1334 26
1334 174
1334 1094
1335 1012
1335 268
1335 620
1336 1012
1336 268
1336 620
1336 635
1337 208
1337 895
1337 969
1337 870
1338 605
1338 563
1338 1134
1338 480
1338 530
1339 869
1339 190
1339 127
1339 996
1339 257
1340 869
1340 190
1340 996
1340 257
1341 121
1341 1011
1341 646
1342 1012
1342 466
1342 600
1342 69
1343 503
1343 774
1343 678
1344 1012
1344 1000
1344 1049
1345 1095
1345 255
1345 455
1346 1012
1346 706
1346 116
1347 689
1347 420
1347 438
1348 101
1348 518
1348 302
1348 956
1349 879
1349 858
1349 1118
1349 190
1349 996
1349 136
1349 22
1350 869
1350 190
1350 811
1350 127
1350 996
1350 10
1350 295
1350 1118
1350 80
1350 59
1350 864
1350 293
1351 869
1351 190
1351 996
1351 532
1352 819
1352 564
1352 968
1352 883
1352 713
1353 997
1353 716
1353 131
1354 856
1354 1004
1354 280
1355 316
1355 844
1355 544
1355 1110
1355 1020
1355 186
1355 888
1355 206
1355 849
1355 837
1356 664
1356 825
1356 309
1357 753
1357 361
1357 747
1358 7
1358 187
1358 606
1359 968
1359 374
1359 1071
1359 292
1359 402
1359 125
1359 1082
1360 571
1360 444
1360 51
1361 461
1361 753
1361 968
1361 587
1361 1051
1362 67
1362 446
1362 1119
1363 1015
1363 96
1363 27
1363 413
1363 529
1363 1062
1364 1106
1364 290
1364 765
1364 520
1364 87
1364 912
1365 564
1365 308
1365 968
1365 649
1366 839
1366 564
1366 308
1366 649
1367 413
1367 1041
1367 114
1368 290
1368 39
1368 473
1368 1142
1368 323
1368 114
1369 850
1369 962
1369 1015
1369 96
1369 819
1369 812
1369 168
1369 290
1369 27
1369 1142
1369 347
1369 1081
1369 767
1370 850
1370 101
1370 151
1370 345
1370 1015
1370 461
1370 96
1370 384
1370 168
1370 712
1370 1012
1370 700
1370 382
1370 626
1370 27
1370 804
1370 230
1370 53
1370 413
1370 597
1370 475
1370 166
1370 300
1370 1091
1370 602
1370 231
1370 828
1370 639
1370 686
1370 724
1370 287
1370 97
1370 950
1370 372
1370 284
1370 968
1370 193
1370 107
1370 973
1370 855
1370 228
1370 435
1370 609
1370 1077
1370 124
1370 354
1370 219
1370 992
1370 722
1370 796
1370 552
1370 458
1370 383
1370 553
1370 894
1370 652
1370 65
1370 456
1370 624
1370 524
1370 880
1370 670
1371 1015
1371 700
1371 382
1371 227
1371 325
1372 753
1372 404
1372 227
1372 325
1373 1015
1373 700
1373 382
1373 227
1374 1015
1374 96
1374 700
1374 382
1374 739
1374 27
1374 804
1374 53
1374 360
1374 1135
1374 475
1375 109
1375 886
1375 687
1375 311
1376 72
1376 204
1376 806
1376 387
1376 834
1376 269
1377 717
1377 411
1377 536
1378 1103
1378 830
1378 394
1378 248
1379 72
1379 204
1379 387
1379 1123
1380 996
1380 601
1380 220
1381 310
1381 726
1381 690
1382 310
1382 726
1382 690
1383 850
1383 700
1383 27
1383 230
1383 752
1383 181
1383 354
1383 992
1383 622
1384 564
1384 899
1384 1030
1385 850
1385 1015
1385 461
1385 168
1385 753
1385 27
1385 804
1385 915
1385 413
1385 937
1385 564
1385 856
1385 968
1385 1008
1385 158
1385 193
1385 107
1385 973
1385 260
1385 0
1385 957
1385 911
1385 883
1385 57
1385 16
1385 697
1385 892
1385 1004
1385 827
1385 124
1385 67
1385 261
1385 900
1385 281
1385 29
1386 850
1386 370
1386 894
1387 27
1387 404
1387 592
1387 899
1388 82
1388 1141
1388 362
1388 479
1389 923
1389 1067
1389 66
1390 850
1390 1015
1390 382
1390 626
1390 27
1390 804
1390 360
1390 475
1390 1001
1390 372
1390 193
1390 228
1390 448
1390 181
1390 721
1390 609
1391 897
1391 1060
1391 396
1391 580
1391 779
1392 682
1392 30
1392 388
1393 509
1393 859
1393 531
1393 692
1393 157
1394 1021
1394 930
1394 874
1394 866
1394 1027
1394 369
1395 971
1395 799
1395 573
1396 499
1396 832
1396 784
1396 432
1396 175
1397 491
1397 1029
1397 966
1397 85
1397 523
1397 704
1397 486
1397 1066
1397 110
1397 554
1397 613
1398 753
1398 473
1398 597
1398 414
1398 1041
1398 364
1398 260
1398 0
1398 104
1398 441
1398 899
1398 303
1398 688
1398 361
1398 31
1398 922
1398 733
1398 92
1398 493
1398 33
1398 659
1399 347
1399 968
1399 614
1400 415
1400 1122
1400 1055
1401 96
1401 968
1401 1136
1402 382
1402 968
1402 867
1402 670
1403 850
1403 168
1403 413
1403 564
1403 968
1403 883
1403 415
1403 124
1403 661
1403 535
1404 839
1404 96
1404 753
1404 937
1404 564
1404 277
1404 736
1404 276
1404 5
1404 422
1404 894
1404 132
1404 386
1404 818
1404 665
1404 20
1405 1001
1405 765
1405 147
1406 968
1406 753
1406 564
1407 968
1407 245
1407 564
1408 968
1408 1086
1408 50
1409 461
1409 472
1409 753
1409 712
1410 968
1410 899
1410 453
1411 753
1411 54
1411 910
1411 121
1412 260
1412 307
1412 753
1412 1047
1412 850
1413 27
1413 968
1413 700
1413 371
1414 753
1414 1041
1414 688
1415 968
1415 883
1415 951
1415 793
1415 96
1416 1012
1416 277
1416 96
1416 950
1417 27
1417 655
1417 5
1417 413
1417 96
1418 226
1418 700
1418 753
1419 968
1419 541
1419 476
1419 417
1419 124
1419 535
1420 719
1420 962
1420 168
1421 404
1421 67
1421 968
1422 212
1422 560
1422 489
1422 753
1423 1142
1423 753
1423 522
1424 422
1424 753
1424 57
1424 937
1425 923
1425 1142
1425 325
1426 27
1426 804
1426 133
1426 700
1427 768
1427 975
1427 1146
1427 937
1428 178
1428 1138
1428 390
1429 27
1429 968
1429 413
1429 630
1429 564
1429 670
1430 1028
1430 968
1430 526
1431 564
1431 294
1431 159
1431 96
1431 303
1431 422
1431 947
1431 1004
1431 119
1431 413
1431 793
1431 672
1431 655
1431 1108
1431 781
1432 421
1432 83
1432 1146
1432 457
1432 937
1433 968
1433 652
1433 139
1433 1012
1433 950
1434 597
1434 1142
1434 428
1434 226
1434 753
1434 928
1434 850
1435 27
1435 968
1435 564
1436 413
1436 564
1436 800
1436 937
1436 950
1437 597
1437 753
1437 521
1437 535
1437 803
1437 968
1437 139
1437 922
1438 968
1438 218
1438 899
1439 984
1439 753
1439 669
1440 894
1440 753
1440 793
1441 839
1441 850
1441 564
1441 1012
1442 923
1442 290
1442 662
1442 753
1443 76
1443 603
1443 16
1443 957
1443 753
1443 564
1443 405
1444 105
1444 968
1444 567
1445 27
1445 382
1445 425
1445 413
1445 755
1446 27
1446 541
1446 673
1446 977
1446 670
1446 255
1447 968
1447 1056
1447 753
1447 564
1448 391
1448 260
1448 428
1448 753
1449 431
1449 753
1449 245
1450 915
1450 753
1450 798
1450 597
1450 27
1450 428
1450 871
1450 144
1450 473
1450 96
1450 1142
1450 382
1450 461
1450 401
1450 700
1451 27
1451 882
1451 67
1451 97
1451 2
1452 894
1452 971
1452 800
1452 964
1452 474
1453 27
1453 181
1453 281
1454 414
1454 290
1454 209
1455 973
1455 294
1455 702
1455 168
1455 977
1455 700
1455 928
1455 1083
1455 350
1455 962
1456 968
1456 1015
1456 791
1456 850
1456 973
1457 664
1457 825
1457 309
1458 968
1458 20
1458 132
1458 564
1459 463
1459 27
1459 413
1460 356
1460 770
1460 753
1461 97
1461 968
1461 417
1461 977
1461 973
1462 753
1462 1012
1462 96
1463 107
1463 193
1463 83
1463 382
1463 753
1463 652
1463 640
1463 379
1463 855
1463 882
1463 372
1463 700
1463 572
1463 783
1463 307
1463 670
1463 475
1463 515
1463 951
1463 923
1463 271
1463 1068
1464 753
1464 54
1464 916
1464 245
1465 413
1465 564
1465 800
1466 246
1466 958
1466 968
1466 485
1466 753
1466 629
1467 923
1467 753
1467 1012
1468 753
1468 54
1468 245
1468 932
1468 564
1469 27
1469 382
1469 700
1469 850
1469 96
1470 968
1470 20
1470 132
1470 564
1471 27
1471 753
1471 294
1472 1012
1472 283
1472 96
1473 968
1473 20
1473 132
1473 564
1474 622
1474 375
1474 507
1474 850
1474 312
1474 374
1474 27
1474 673
1474 230
1474 181
1474 992
1475 27
1475 461
1475 413
1475 96
1476 872
1476 20
1476 132
1477 27
1477 850
1477 712
1477 937
1478 27
1478 67
1478 281
1479 382
1479 475
1479 325
1479 850
1480 700
1480 753
1480 245
1481 280
1481 856
1481 1004
1482 27
1482 404
1482 753
1482 139
1482 850
1482 931
1483 968
1483 414
1483 485
1483 753
1483 564
1484 481
1484 121
1484 700
1484 1024
1484 41
1484 564
1484 303
1484 787
1484 977
1484 139
1484 803
1485 139
1485 899
1485 850
1486 753
1486 522
1486 168
1487 404
1487 325
1487 226
1487 96
1488 923
1488 1142
1488 1041
1488 850
1489 549
1489 290
1489 850
1490 968
1490 50
1490 449
1490 937
1491 1035
1491 139
1491 1012
1492 27
1492 850
1492 564
1493 850
1493 1127
1493 560
1493 489
1493 23
1493 524
1493 212
1493 791
1493 434
1494 205
1494 621
1494 899
1495 968
1495 753
1495 688
1496 27
1496 290
1496 850
1497 1142
1497 377
1497 753
1497 977
1497 850
1498 303
1498 700
1498 1142
1498 753
1498 513
1498 139
1498 245
1498 1083
1498 899
1499 413
1499 104
1499 753
1499 121
1499 558
1500 721
1500 700
1500 1083
1500 158
1501 968
1501 413
1501 850
1501 1012
1501 973
1502 27
1502 968
1502 413
1503 1039
1503 739
1503 668
1503 1015
1503 277
1503 723
1503 962
1503 972
1503 1008
1503 294
1503 406
1503 382
1503 699
1503 519
1503 231
1503 475
1503 700
1504 1035
1504 908
1504 1012
1504 96
1505 968
1505 319
1505 819
1506 968
1506 700
1506 753
1507 27
1507 155
1507 453
1508 27
1508 968
1508 850
1509 290
1509 1041
1509 850
1510 673
1510 850
1510 255
1511 1015
1511 928
1511 1012
1511 168
1511 792
1511 96
1512 162
1512 899
1512 273
1513 968
1513 366
1513 753
1514 564
1514 67
1514 672
1514 294
1514 968
1514 27
1514 96
1514 670
1514 475
1515 1015
1515 1001
1515 931
1516 290
1516 753
1516 218
1516 977
1516 245
1517 473
1517 290
1517 1041
1518 649
1518 968
1518 308
1518 928
1518 564
1519 27
1519 968
1519 589
1519 753
1519 850
1520 1057
1520 850
1520 96
1521 521
1521 597
1521 564
1522 165
1522 753
1522 672
1523 27
1523 968
1523 1069
1523 753
1523 688
1523 850
1524 27
1524 968
1524 812
1525 27
1525 413
1525 850
1525 96
1526 753
1526 702
1526 850
1527 958
1527 839
1527 629
1527 638
1527 1031
1527 319
1527 342
1527 1096
1527 787
1527 317
1527 135
1527 848
1527 246
1527 1061
1527 96
1527 814
1527 1100
1527 764
1527 367
1527 540
1527 1012
1528 1124
1528 209
1528 564
1529 27
1529 968
1529 413
1529 2
1530 27
1530 968
1530 700
1531 307
1531 652
1531 395
1531 139
1531 96
1532 753
1532 688
1532 371
1533 27
1533 67
1533 968
1534 27
1534 413
1534 564
1535 413
1535 564
1535 96
1536 766
1536 76
1536 16
1536 883
1536 78
1536 278
1536 564
1537 27
1537 413
1537 753
1537 96
1538 404
1538 382
1538 475
1538 700
1539 1012
1539 611
1539 475
1539 27
1539 1035
1539 700
1539 1015
1539 96
1539 972
1539 850
1540 753
1540 577
1540 815
1541 700
1541 977
1541 564
1542 1057
1542 1004
1542 413
1543 1113
1543 541
1543 413
1543 968
1543 188
1543 895
1543 246
1543 736
1543 629
1543 1146
1543 817
1543 564
1544 347
1544 753
1544 235
1545 413
1545 202
1545 96
1546 968
1546 511
1546 413
1546 564
1546 96
1546 123
1547 27
1547 911
1547 850
1548 413
1548 968
1548 1004
1548 67
1548 27
1548 712
1548 382
1548 894
1549 524
1549 977
1549 245
1549 702
1550 475
1550 281
1550 413
1550 850
1551 968
1551 1071
1551 374
1551 402
1551 292
1551 1082
1551 125
1552 27
1552 382
1552 475
1552 700
1552 850
1553 523
1553 486
1553 110
1553 1029
1553 1066
1553 704
1553 613
1553 491
1553 966
1553 554
1553 85
1554 968
1554 307
1554 753
1554 168
1554 261
1555 27
1555 1099
1555 639
1556 883
1556 78
1556 168
1556 564
1556 850
1556 413
1556 968
1556 943
1556 27
1557 212
1557 973
1557 574
1557 489
1557 168
1557 560
1557 27
1557 850
1557 700
1557 382
1557 1111
1557 230
1557 354
1557 710
1558 946
1558 926
1558 228
1559 475
1559 968
1559 850
1560 1128
1560 998
1560 903
1561 290
1561 753
1561 121
1562 382
1562 347
1562 97
1562 850
1562 950
1563 894
1563 753
1563 218
1563 850
1564 27
1564 753
1564 991
1564 702
1565 753
1565 850
1565 168
1566 41
1566 45
1566 121
1567 793
1567 932
1567 564
1567 1010
1568 5
1568 294
1568 277
1569 670
1569 1026
1569 909
1569 877
1569 101
1569 968
1569 1129
1569 14
1569 146
1569 261
1569 850
1569 1077
1569 202
1569 788
1569 406
1569 182
1569 564
1569 539
1569 374
1569 124
1570 1015
1570 977
1570 96
1571 382
1571 198
1571 974
1571 602
1571 349
1571 850
1571 168
1572 382
1572 700
1572 885
1573 753
1573 218
1573 271
1574 883
1574 344
1574 932
1575 753
1575 850
1575 712
1575 919
1576 700
1576 1024
1576 303
1576 139
1576 371
1576 567
1576 803
1576 1045
1576 564
1576 977
1577 850
1577 1146
1577 786
1577 564
1577 421
1577 457
1577 937
1577 83
1577 809
1577 193
1577 745
1577 742
1578 753
1578 977
1578 1012
1579 968
1579 443
1579 564
1580 27
1580 121
1580 911
1581 923
1581 97
1581 850
1581 96
1582 27
1582 700
1582 672
1582 977
1582 245
1582 793
1582 932
1583 27
1583 67
1583 894
1583 968
1583 850
1584 382
1584 700
1584 671
1585 753
1585 524
1585 850
1586 27
1586 413
1586 564
1586 474
1587 968
1587 20
1587 132
1588 472
1588 252
1588 753
1589 968
1589 1001
1589 564
1589 577
1590 27
1590 404
1590 850
1590 151
1591 850
1591 382
1591 977
1591 495
1591 804
1591 652
1591 27
1591 475
1592 294
1592 284
1592 1131
1592 702
1592 139
1592 5
1592 1083
1592 527
1592 977
1592 27
1592 753
1592 71
1592 522
1592 839
1593 968
1593 932
1593 96
1594 104
1594 209
1594 753
1595 27
1595 23
1595 9
1595 977
1595 96
1596 968
1596 753
1596 688
1597 968
1597 793
1597 932
1598 968
1598 20
1598 132
1598 1105
1598 333
1598 753
1599 700
1599 850
1599 372
1600 132
1600 1102
1600 899
1601 413
1601 968
1601 475
1601 382
1601 96
1601 753
1601 27
1601 672
1602 968
1602 753
1602 688
1603 842
1603 1028
1603 298
1603 121
1603 600
1603 950
1604 968
1604 753
1604 121
1605 290
1605 226
1605 1012
1606 968
1606 856
1606 1004
1607 977
1607 937
1607 245
1607 57
1607 294
1607 950
1607 1047
1607 702
1607 235
1607 899
1607 928
1607 634
1607 564
1607 700
1607 850
1607 404
1607 466
1608 753
1608 911
1608 96
1609 382
1609 828
1609 1015
1609 1001
1610 382
1610 968
1610 867
1610 670
1611 27
1611 413
1611 96
1612 382
1612 923
1612 597
1612 850
1613 630
1613 564
1613 96
1614 382
1614 828
1614 96
1615 869
1615 10
1615 996
1615 200
1616 422
1616 45
1616 571
1616 245
1617 804
1617 27
1617 923
1617 850
1617 753
1617 1001
1617 700
1617 382
1618 1028
1618 968
1618 50
1618 117
1619 597
1619 209
1619 1023
1619 977
1620 27
1620 412
1620 968
1621 846
1621 913
1621 290
1622 962
1622 819
1622 96
1623 414
1623 689
1623 753
1623 424
1624 1015
1624 850
1624 168
1625 70
1625 846
1625 798
1626 107
1626 335
1626 132
1627 485
1627 753
1627 670
1628 521
1628 894
1628 753
1628 850
1629 27
1629 937
1629 950
1630 67
1630 850
1630 96
1631 895
1631 842
1631 44
1632 1035
1632 382
1632 475
1633 923
1633 290
1633 753
1634 382
1634 548
1634 670
1635 899
1635 911
1635 564
1636 597
1636 753
1636 1098
1637 915
1637 1112
1637 753
1637 564
1638 27
1638 1057
1638 413
1638 566
1638 604
1639 693
1639 11
1639 60
1640 27
1640 753
1640 96
1641 991
1641 937
1641 950
1641 1085
1642 968
1642 753
1642 688
1643 27
1643 1015
1643 950
1644 756
1644 365
1644 313
1645 382
1645 325
1645 168
1645 96
1646 20
1646 132
1646 445
1646 141
1647 382
1647 828
1647 1001
1647 700
1648 1057
1648 413
1648 424
1649 968
1649 652
1649 96
1650 1007
1650 798
1650 96
1651 753
1651 910
1651 1045
1651 522
1652 753
1652 899
1652 672
1652 286
1653 850
1653 475
1653 96
1653 1057
1653 611
1653 977
1653 27
1653 413
1654 894
1654 132
1654 899
1655 723
1655 382
1655 699
1655 700
1655 231
1655 277
1655 668
1655 972
1655 406
1655 962
1655 1039
1655 294
1655 1015
1655 519
1655 739
1656 968
1656 374
1656 1038
1657 404
1657 968
1657 656
1657 753
1658 968
1658 656
1658 753
1658 688
1659 971
1659 705
1659 413
1660 1035
1660 325
1660 96
1661 412
1661 968
1661 753
1662 223
1662 1012
1662 950
1663 27
1663 968
1663 850
1663 564
1663 96
1664 1015
1664 928
1664 168
1664 792
1664 96
1665 20
1665 132
1665 907
1666 475
1666 67
1666 332
1666 697
1666 481
1666 899
1667 753
1667 1041
1667 522
1667 850
1668 968
1668 489
1668 753
1668 288
1669 1094
1669 677
1669 599
1669 174
1670 491
1670 628
1670 16
1670 753
1670 564
1671 404
1671 382
1671 962
1671 168
1672 27
1672 850
1672 819
1673 968
1673 1012
1673 96
1673 1017
1674 382
1674 700
1674 360
1675 1015
1675 700
1675 962
1675 168
1675 792
1675 96
1676 968
1676 850
1676 564
1677 473
1677 923
1677 1041
1678 485
1678 753
1678 977
1679 968
1679 511
1679 630
1680 27
1680 1057
1680 413
1680 899
1680 1108
1681 884
1681 753
1681 564
1682 20
1682 132
1682 839
1683 27
1683 461
1683 850
1683 168
1684 67
1684 168
1684 700
1684 1012
1684 987
1684 151
1684 973
1684 325
1685 27
1685 850
1685 564
1685 973
1686 27
1686 968
1686 262
1686 375
1686 850
1687 382
1687 67
1687 977
1688 851
1688 104
1688 753
1688 218
1688 271
1689 27
1689 804
1689 16
1689 228
1690 83
1690 1146
1690 457
1691 1025
1691 71
1691 753
1691 1041
1691 894
1691 27
1691 850
1691 461
1692 842
1692 688
1692 371
1693 382
1693 1142
1693 753
1693 1012
1694 828
1694 753
1694 1012
1695 724
1695 193
1695 1045
1695 850
1695 166
1696 850
1696 564
1696 255
1697 67
1697 968
1697 670
1698 27
1698 894
1698 413
1698 899
1698 558
1699 968
1699 850
1699 978
1700 1035
1700 231
1700 923
1700 96
1700 27
1700 753
1700 1015
1700 1012
1700 937
1700 850
1700 168
1700 700
1700 413
1701 27
1701 850
1701 168
1702 1015
1702 235
1702 1012
1702 168
1702 151
1702 96
1703 521
1703 968
1703 753
1703 688
1703 564
1704 67
1704 650
1704 96
1705 968
1705 951
1705 688
1705 564
1705 453
1706 75
1706 753
1706 932
1706 564
1707 382
1707 1001
1707 226
1707 700
1707 885
1708 968
1708 673
1708 951
1708 564
1709 27
1709 132
1709 729
1709 413
1709 1022
1709 240
1710 846
1710 290
1710 1001
1711 372
1711 641
1711 991
1711 156
1711 1007
1711 345
1711 753
1711 918
1711 999
1711 850
1711 457
1711 550
1711 533
1711 414
1711 977
1711 398
1711 168
1711 27
1711 629
1711 470
1711 937
1712 1142
1712 1015
1712 753
1712 850
1713 1142
1713 44
1713 252
1713 753
1714 894
1714 413
1714 850
1714 96
1715 382
1715 1015
1715 908
1715 482
1715 294
1715 1012
1715 96
1716 121
1716 672
1716 977
1716 1047
1717 842
1717 67
1717 90
1718 27
1718 894
1718 643
1719 27
1719 850
1719 96
1720 894
1720 850
1720 370
1721 894
1721 968
1721 558
1721 261
1722 27
1722 804
1722 413
1722 850
1722 1012
1723 1124
1723 487
1723 8
1723 1041
1723 688
1723 835
1723 753
1723 985
1723 485
1724 979
1724 461
1724 753
1724 1023
1725 968
1725 621
1725 245
1725 567
1726 210
1726 561
1726 753
1727 753
1727 1083
1727 245
1727 294
1728 521
1728 968
1728 753
1728 688
1728 564
1728 922
1728 271
1729 1012
1729 277
1729 57
1729 96
1730 27
1730 968
1730 700
1730 753
1730 850
1731 404
1731 382
1731 475
1731 850
1732 27
1732 968
1732 700
1732 702
1733 428
1733 733
1733 753
1733 54
1734 753
1734 522
1734 850
1735 188
1735 50
1735 744
1736 27
1736 968
1736 374
1736 402
1736 1029
1736 633
1736 497
1737 3
1737 2
1737 702
1737 1012
1737 27
1737 793
1737 753
1737 968
1738 212
1738 683
1738 937
1739 968
1739 950
1739 850
1739 72
1739 521
1739 27
1739 564
1739 895
1739 1142
1740 91
1740 16
1740 753
1740 413
1740 968
1740 541
1740 850
1740 168
1740 883
1740 27
1740 354
1740 973
1740 1015
1741 1035
1741 133
1741 908
1741 96
1742 850
1742 27
1742 374
1742 968
1742 125
1742 307
1742 666
1742 181
1742 32
1742 495
1742 1029
1743 27
1743 968
1743 753
1743 688
1743 850
1744 404
1744 382
1744 850
1745 24
1745 481
1745 1019
1745 760
1745 1068
1745 991
1745 403
1746 968
1746 176
1746 883
1746 564
1747 850
1747 168
1747 166
1748 89
1748 753
1748 168
1748 96
1749 968
1749 76
1749 189
1750 977
1750 76
1750 968
1750 189
1750 104
1750 753
1750 937
1750 950
1751 27
1751 894
1751 260
1751 753
1751 850
1751 564
1752 27
1752 968
1752 753
1752 850
1753 382
1753 105
1753 968
1753 850
1754 753
1754 139
1754 245
1755 27
1755 804
1755 639
1756 132
1756 492
1756 727
1756 731
1757 27
1757 991
1757 850
1757 564
1757 819
1758 846
1758 290
1758 1012
1759 656
1759 226
1759 753
1760 12
1760 968
1760 688
1761 945
1761 27
1761 47
1761 223
1761 796
1761 167
1761 908
1761 658
1761 96
1761 1012
1761 118
1762 473
1762 923
1762 597
1763 27
1763 1035
1763 223
1764 473
1764 290
1764 226
1764 559
1764 923
1764 1142
1764 928
1764 428
1764 753
1765 968
1765 32
1765 96
1766 971
1766 799
1766 573
1767 968
1767 491
1767 574
1767 124
1767 973
1767 168
1768 260
1768 899
1768 564
1768 245
1768 850
1768 968
1768 1023
1768 753
1768 218
1769 559
1769 987
1769 521
1769 68
1769 805
1769 597
1769 142
1769 753
1769 712
1770 382
1770 548
1770 670
1771 968
1771 374
1771 568
1771 235
1772 968
1772 176
1772 883
1772 564
1773 27
1773 413
1773 936
1774 923
1774 597
1774 1142
1774 290
1774 753
1775 404
1775 968
1775 104
1775 753
1775 899
1776 968
1776 700
1776 753
1776 991
1777 27
1777 666
1777 630
1778 27
1778 475
1778 139
1779 899
1779 413
1779 923
1779 672
1779 27
1779 753
1779 911
1779 894
1780 27
1780 753
1780 294
1781 350
1781 55
1781 972
1782 1083
1782 977
1782 294
1783 850
1783 168
1783 812
1783 382
1783 476
1783 700
1783 1015
1783 96
1783 539
1783 819
1784 20
1784 132
1784 307
1785 413
1785 753
1785 911
1786 27
1786 524
1786 564
1787 382
1787 711
1787 1001
1787 881
1788 27
1788 67
1788 97
1788 950
1789 971
1789 413
1789 17
1789 800
1789 558
1790 27
1790 142
1790 670
1790 941
1791 27
1791 226
1791 919
1792 27
1792 413
1792 96
1793 968
1793 20
1793 132
1793 564
1794 1142
1794 801
1794 753
1795 968
1795 20
1795 132
1795 564
1796 1142
1796 894
1796 968
1796 753
1796 977
1796 567
1797 968
1797 883
1797 481
1797 564
1798 382
1798 597
1798 325
1798 753
1799 923
1799 597
1799 1142
1800 933
1800 838
1800 998
1800 571
1800 760
1800 83
1800 991
1800 688
1800 481
1800 8
1800 1146
1800 303
1801 773
1801 45
1801 571
1801 1045
1801 937
1801 950
1802 27
1802 382
1802 96
1803 27
1803 753
1803 850
1804 475
1804 345
1804 1083
1804 1047
1805 880
1805 71
1805 96
1805 670
1805 27
1805 823
1805 521
1805 67
1805 1036
1805 9
1805 973
1805 850
1805 261
1805 753
1805 781
1805 496
1805 922
1805 908
1805 673
1805 574
1805 181
1805 688
1805 258
1805 553
1805 372
1805 564
1805 413
1805 1012
1805 883
1805 23
1805 952
1806 700
1806 475
1806 977
1806 804
1806 597
1806 753
1806 294
1806 382
1807 208
1807 753
1807 910
1807 233
1807 72
1808 27
1808 413
1808 264
1809 27
1809 753
1809 850
1810 165
1810 104
1810 753
1810 54
1810 218
1811 168
1811 97
1811 139
1811 27
1811 226
1811 597
1811 712
1811 1015
1811 819
1811 1001
1811 850
1812 277
1812 937
1812 96
1812 950
1813 413
1813 850
1813 564
1814 968
1814 485
1814 753
1814 564
1815 67
1815 89
1815 700
1815 652
1816 753
1816 218
1816 1041
1817 894
1817 753
1817 1041
1817 892
1817 564
1818 521
1818 307
1818 753
1818 524
1818 977
1818 564
1819 27
1819 894
1819 850
1819 643
1820 968
1820 700
1820 753
1820 245
1820 688
1820 564
1821 597
1821 559
1821 753
1822 27
1822 968
1822 155
1822 574
1822 951
1822 564
1823 700
1823 294
1823 850
1824 27
1824 968
1824 1004
1824 413
1824 700
1825 753
1825 793
1825 564
1826 27
1826 413
1826 96
1827 891
1827 753
1827 522
1828 521
1828 1075
1828 753
1829 1035
1829 223
1829 5
1829 1012
1829 277
1829 96
1830 1015
1830 931
1830 819
1831 27
1831 1036
1831 303
1831 899
1832 413
1832 753
1832 911
1833 404
1833 97
1833 166
1833 941
1833 950
1833 1008
1833 382
1833 372
1833 804
1833 828
1833 111
1833 475
1834 968
1834 1084
1834 564
1834 168
1835 181
1835 968
1835 495
1835 883
1835 850
1836 923
1836 232
1836 414
1836 209
1836 264
