971 8
957 1040
631 940
96 1082
539 1123
203 982
156 845
670 586
711 88
587 1002
748 828
170 712
512 436
986 870
120 1095
0 578
381 945
333 119
942 771
33 700
400 157
715 564
880 586
35 588
436 225
835 1076
170 974
1041 527
842 323
1034 731
141 306
1032 319
972 699
1124 444
56 67
357 1
439 5
879 170
363 453
659 366
257 213
614 801
675 1063
436 770
636 262
690 200
372 469
342 9
450 376
906 871
205 320
1045 59
848 200
293 787
33 1025
1099 712
851 770
934 1128
638 744
621 816
247 205
879 798
276 172
416 867
952 803
107 499
129 857
493 223
38 745
321 67
846 1116
494 549
24 611
106 731
280 1107
566 565
1122 639
538 647
567 1113
849 775
115 792
224 485
579 251
823 1001
472 910
976 1039
900 618
201 773
703 99
494 963
811 466
932 1022
1053 567
1050 979
766 696
384 382
475 1008
554 395
1025 802
605 805
314 1083
989 471
1035 242
310 268
969 895
989 369
221 186
266 814
232 1050
434 260
1113 72
1035 449
434 669
574 133
207 726
939 442
296 107
248 628
774 995
992 467
1012 585
1005 1057
980 825
340 807
1074 886
223 982
1041 845
923 662
1008 463
1064 469
396 687
227 141
59 851
191 672
439 119
208 577
493 1122
984 382
103 1117
946 510
33 286
975 156
79 536
25 922
603 1066
94 439
356 304
551 841
559 84
880 175
540 545
892 381
944 948
418 1095
47 961
607 456
258 626
184 877
614 964
800 773
567 550
925 591
611 86
205 524
625 602
104 999
261 1098
685 983
894 1145
871 748
286 662
926 369
1020 770
4 297
106 1091
485 402
554 1041
59 770
207 751
452 1027
655 923
515 507
809 231
989 1144
84 469
944 512
261 560
391 845
1122 307
785 1131
667 47
573 210
322 194
207 433
988 795
1034 108
425 770
377 316
321 73
380 51
984 722
559 63
854 280
515 395
644 139
227 794
600 551
945 1118
294 850
944 1008
796 784
518 800
493 86
453 413
302 710
1083 724
655 543
0 391
779 1008
91 147
155 621
383 202
655 902
771 444
396 170
875 1033
1091 930
932 900
435 1130
107 680
717 715
171 62
886 1082
438 205
703 345
750 813
682 86
1108 573
958 570
519 384
1084 52
336 983
989 1099
648 174
906 443
1058 681
33 795
756 537
10 306
811 851
466 553
1014 537
874 1076
115 696
154 1099
648 875
549 146
144 613
477 174
1066 384
439 890
341 175
329 989
533 825
245 700
685 1103
659 380
283 1100
665 1100
504 437
595 180
932 519
567 413
519 730
205 482
976 795
976 73
714 655
300 1016
528 368
340 402
358 90
501 775
216 1031
725 934
708 787
989 980
1105 463
260 461
322 1129
403 447
659 726
43 200
104 115
487 654
1105 681
774 776
1120 352
315 507
584 1113
842 756
79 1094
299 62
223 356
111 245
575 461
869 716
791 699
919 293
222 522
380 937
80 115
71 412
76 744
554 857
186 862
851 696
980 202
791 825
1077 361
508 245
498 841
776 279
361 643
400 123
672 463
774 783
301 347
291 482
912 1080
441 444
617 676
207 181
482 588
873 378
713 381
588 479
366 67
746 974
363 723
938 323
166 175
405 451
508 805
423 376
29 808
261 133
511 191
227 527
938 210
681 799
452 969
988 124
676 665
113 450
140 86
208 391
377 831
615 755
624 153
983 371
1064 277
1000 669
1066 979
865 573
963 587
156 383
939 1104
228 395
109 758
33 564
778 272
276 46
648 821
489 974
1147 282
1084 850
851 1025
915 213
461 320
940 141
574 613
747 344
708 694
104 696
107 245
301 469
681 371
720 157
120 664
144 280
1099 513
312 395
684 770
1084 416
336 254
732 513
28 1072
585 139
172 550
369 576
916 980
992 1111
1052 378
559 1008
800 157
1012 720
207 737
664 100
222 919
926 487
512 301
537 722
797 588
80 456
265 131
621 154
527 855
199 1113
1142 505
698 1073
579 809
1079 637
320 755
25 76
1007 1040
597 363
317 748
775 828
452 653
177 578
508 928
912 144
621 821
334 379
660 785
562 68
418 56
873 184
1022 306
324 215
443 120
223 412
706 450
648 434
805 1025
860 917
303 910
331 1107
329 821
942 750
124 771
597 204
878 681
461 382
567 934
183 643
616 637
400 113
385 245
851 716
477 227
1074 1082
306 301
457 193
191 510
275 104
494 622
33 887
1004 836
664 1114
130 770
866 577
77 578
696 545
123 1117
932 922
660 802
792 1076
1057 888
1103 506
785 77
842 183
435 174
714 543
860 56
801 679
126 941
266 360
273 1068
944 115
545 1017
373 930
406 170
1057 800
893 1025
679 687
745 9
1118 484
508 187
227 895
169 270
614 361
187 363
548 147
243 882
204 770
597 482
1091 18
256 653
873 1114
377 363
931 618
1077 301
350 1070
681 269
207 825
974 456
822 885
605 119
525 94
61 1042
227 1130
551 922
949 479
132 991
995 702
114 456
266 131
1099 845
262 1092
942 254
606 210
1084 232
256 926
946 300
329 366
657 101
223 768
192 953
835 661
1091 877
667 231
751 156
485 819
76 681
767 586
396 986
152 931
922 720
377 564
726 581
583 582
389 450
33 355
713 928
222 752
958 589
940 391
782 150
23 662
216 1146
305 92
909 254
943 679
749 308
233 250
33 338
608 180
799 1042
671 191
701 617
972 665
453 963
926 533
996 528
892 549
709 1021
879 796
336 146
606 602
204 961
403 349
884 1068
224 1045
89 631
714 440
358 560
865 210
498 608
372 928
791 856
959 242
741 53
488 582
701 1147
138 974
774 1010
674 180
196 1076
1122 340
326 126
169 225
824 134
761 114
314 1059
48 679
579 700
345 565
283 255
589 1040
893 660
944 729
865 672
4 794
659 912
586 522
845 891
864 574
638 785
115 202
976 676
638 260
1048 449
639 505
432 1110
627 832
224 630
434 413
242 215
1109 930
614 154
989 509
854 369
706 662
1147 618
295 840
339 905
141 162
167 1020
62 696
630 333
976 1079
794 73
840 231
417 107
0 183
408 527
222 269
997 797
102 987
636 263
577 1107
338 77
115 347
103 948
1002 413
249 1105
222 805
895 301
369 154
254 67
200 665
615 368
554 10
529 1011
713 969
211 345
710 422
179 643
291 611
311 550
233 192
920 1116
584 63
168 58
685 493
997 165
658 260
1048 319
203 722
1087 686
307 737
630 167
482 547
938 996
141 126
858 783
851 197
61 668
614 573
944 940
334 449
931 12
227 366
447 928
390 883
320 107
115 716
929 802
851 309
62 828
216 932
971 1067
213 928
690 1058
675 669
516 710
899 921
400 615
415 898
975 825
475 10
928 1094
8 845
195 913
101 66
949 593
756 320
719 722
540 1086
80 462
461 979
414 218
1033 651
375 124
76 111
135 1050
338 425
277 1008
155 456
873 939
437 471
638 1039
227 170
562 285
144 1144
493 573
1071 468
971 510
559 485
869 1085
767 206
1004 448
1074 1068
894 349
759 423
37 750
858 774
43 37
667 628
796 197
804 139
29 870
944 1034
920 846
831 899
518 392
138 839
139 850
1031 320
657 635
247 953
105 154
334 565
175 580
1005 538
854 74
229 510
477 1107
457 819
320 641
260 534
342 290
222 864
321 444
512 60
1074 35
80 144
98 220
439 1020
355 564
248 309
1007 898
1015 793
525 1124
1062 772
380 366
373 1109
33 10
258 582
203 641
134 553
1010 1083
623 413
357 646
713 427
782 563
358 154
367 188
794 433
89 873
83 53
976 739
174 475
1078 901
893 946
695 841
1087 699
851 252
859 213
957 791
415 608
1098 143
831 293
238 176
597 1095
182 538
60 469
1109 360
50 363
944 86
37 803
434 886
148 1101
64 413
7 210
687 1025
139 915
1114 677
204 252
129 331
358 156
992 434
327 439
860 237
713 103
617 616
1122 463
1140 814
689 439
659 334
389 941
434 10
1103 960
305 1117
825 527
321 113
401 956
623 60
858 864
388 254
61 454
1085 278
396 451
778 885
1077 437
225 344
853 21
748 8
203 1039
41 1016
276 181
672 785
625 117
232 437
1011 665
150 58
435 1059
853 423
191 83
273 993
783 829
788 404
999 66
551 931
1084 672
445 851
925 1087
865 737
940 437
361 471
246 445
784 895
211 760
581 385
369 301
782 1025
690 1103
372 922
2 1100
672 140
166 864
518 376
870 602
253 437
223 94
156 653
607 347
798 20
454 230
273 462
432 825
1052 724
1108 798
363 165
373 600
921 1097
165 602
940 1144
414 2
199 756
156 366
420 1070
164 478
430 3
105 649
199 707
387 1117
854 629
730 210
1064 969
87 880
1116 882
450 731
258 234
971 1066
1016 761
584 772
759 954
78 761
690 586
1081 403
1081 883
962 194
135 792
727 172
871 716
938 364
854 979
1021 444
377 367
605 889
533 391
1088 1081
721 731
830 602
372 854
321 290
771 140
208 1076
513 649
368 776
781 66
381 107
8 335
1005 189
101 505
432 635
444 686
106 717
349 86
917 545
125 794
177 437
367 591
1036 1095
135 623
551 618
111 53
942 811
896 741
7 840
523 808
56 865
1111 770
672 425
790 96
395 712
218 392
644 615
595 282
644 882
14 54
331 452
358 653
732 665
295 259
690 79
350 882
751 849
1034 133
525 850
166 531
436 653
549 185
1092 586
124 200
746 366
597 130
237 139
669 1019
984 967
848 531
1031 755
40 235
265 817
448 699
216 369
439 1144
1053 1051
200 1145
701 1074
491 285
1057 602
508 723
1007 931
94 47
994 847
740 350
659 583
551 814
1113 1104
439 695
7 932
894 956
195 587
938 643
141 527
207 916
56 1124
766 304
389 821
924 551
295 23
389 1144
668 1067
1127 889
563 142
958 392
363 819
873 189
810 990
84 456
571 985
1103 349
584 457
170 74
1007 391
688 220
746 891
123 922
98 102
475 202
826 31
84 1083
406 652
791 17
336 370
232 207
865 775
1147 245
275 107
76 316
545 1051
866 159
801 733
540 628
192 345
156 347
417 690
23 923
129 755
625 494
540 745
537 503
266 643
446 1022
71 877
227 649
166 794
1034 395
980 1144
1089 205
18 46
623 1064
493 196
854 157
984 966
1102 6
812 97
625 68
224 47
892 489
233 51
295 1002
963 547
2 615
946 458
623 391
219 176
383 736
657 333
439 851
1050 347
200 880
395 77
844 677
112 213
127 307
794 301
858 953
752 783
104 770
106 186
1105 1095
87 79
432 1138
84 1107
689 296
1023 10
96 1069
41 116
553 686
432 60
1000 21
869 275
281 18
892 157
854 940
835 1118
804 611
843 797
84 755
927 1123
491 794
1109 307
834 654
170 653
592 650
1004 798
774 492
156 784
598 1065
373 924
673 444
794 391
166 609
935 1082
574 358
438 702
846 754
186 882
37 191
887 1133
40 387
299 922
368 19
248 586
162 1017
1082 229
1089 483
238 213
1002 118
268 444
1091 210
673 210
222 25
942 720
631 797
690 1122
801 411
494 392
773 699
983 163
1011 720
979 755
259 176
433 301
546 451
363 403
922 760
29 353
607 10
223 537
1138 389
321 923
331 442
471 891
81 107
120 268
878 194
701 150
166 724
957 622
790 436
913 587
41 483
944 140
334 1025
130 304
149 437
391 974
291 964
1134 934
38 704
551 350
116 357
741 1093
395 821
1115 1097
24 1144
256 432
48 412
377 921
796 542
944 808
658 663
123 423
1061 566
126 186
562 30
466 652
477 527
25 894
1108 314
262 583
682 200
690 56
874 487
33 724
330 87
436 527
630 368
438 63
338 1129
520 835
1065 711
12 95
400 976
1120 413
1021 934
1045 365
1052 184
1079 992
92 755
51 67
608 469
995 930
222 226
865 611
1064 347
858 437
1010 73
1034 159
993 901
152 2
666 921
714 467
860 53
76 425
1101 588
660 913
425 83
1109 563
683 633
849 754
652 722
460 1095
1072 393
305 124
1054 562
512 784
326 586
648 855
174 816
1074 888
232 434
1064 980
1119 863
559 552
623 775
840 172
551 699
247 250
253 923
512 857
398 643
518 364
129 898
422 593
766 770
178 85
864 9
400 581
332 969
731 433
766 704
1022 474
1091 184
1102 24
231 46
621 1077
7 467
1005 23
687 274
579 653
932 647
1026 502
191 676
120 139
904 117
916 487
882 798
124 77
548 428
414 898
51 521
659 215
516 250
115 168
204 335
324 580
364 724
898 347
958 489
706 250
405 553
37 79
512 875
272 412
636 379
355 724
971 958
105 208
644 529
1099 825
913 733
33 715
150 379
245 270
136 800
381 836
717 119
1005 720
890 472
372 143
131 845
485 1001
1091 181
377 1051
984 616
621 392
871 11
697 980
303 24
191 720
391 1144
402 360
130 59
295 7
123 667
24 392
200 1131
688 131
414 361
912 75
491 159
630 684
894 928
1021 26
122 845
966 637
710 331
771 343
706 285
916 898
1092 593
242 118
14 464
411 964
130 1062
563 66
989 366
1109 684
50 61
866 912
1058 588
1126 527
305 809
748 360
263 450
690 25
278 586
930 845
367 772
1074 1017
493 453
878 760
171 961
1058 479
506 319
707 537
667 304
406 493
1026 151
32 1024
41 875
881 813
605 47
205 1113
900 763
233 866
932 966
487 10
405 886
187 39
873 717
909 1088
856 1031
41 80
358 941
790 338
1139 1092
183 736
663 863
254 213
512 1007
834 1100
648 117
155 513
148 782
791 170
912 379
152 1100
352 437
756 639
830 1078
223 630
865 1104
329 115
1058 967
338 251
946 364
482 965
1109 303
1114 694
549 478
997 1057
1072 1068
828 545
825 699
432 456
1007 577
124 191
368 150
313 616
1007 213
1057 770
687 637
623 1130
992 84
1023 891
184 724
418 1113
945 931
858 912
671 856
1085 1101
183 1078
465 675
452 391
669 1051
253 802
884 0
280 301
547 307
498 878
36 1094
305 194
511 53
689 168
1056 669
124 131
188 696
689 270
240 184
611 306
332 1019
23 718
0 1017
81 801
129 794
138 391
119 1128
869 934
992 700
939 832
403 510
966 350
662 133
452 74
794 798
1041 779
684 307
751 857
121 213
47 545
363 1034
756 213
707 543
974 433
638 534
169 260
1053 210
36 1002
1130 144
205 253
614 969
581 557
934 474
589 12
851 628
1108 50
123 376
196 331
997 681
1126 448
964 645
56 638
422 845
50 810
671 645
489 437
554 513
1005 229
260 637
693 841
595 89
726 613
1090 769
22 630
744 265
477 155
434 301
225 107
763 521
869 104
579 680
205 985
807 402
50 278
636 1092
493 681
334 191
369 861
119 696
946 191
525 5
597 101
518 27
148 204
574 285
556 674
110 449
428 677
644 170
332 578
966 825
441 1078
142 246
260 845
363 83
255 553
751 712
37 529
377 591
920 783
605 148
528 840
377 83
78 216
771 1099
729 1042
788 1078
1099 1017
367 700
668 423
512 1072
938 632
975 509
1058 1109
170 891
516 133
1005 29
938 1117
81 364
1109 681
791 529
852 497
168 59
1031 628
360 991
1041 653
334 200
240 365
489 1023
51 297
322 44
308 628
249 101
321 279
529 628
205 934
59 561
418 865
971 709
669 1017
1098 565
80 352
1031 816
854 86
358 364
106 123
38 167
1041 144
761 70
659 613
951 220
363 309
944 1023
493 434
205 657
1011 585
525 363
485 561
232 1027
567 886
418 923
126 513
768 716
871 843
224 379
547 700
220 225
969 10
617 645
321 60
772 304
92 77
174 1076
890 403
859 17
726 937
730 647
439 246
222 586
257 1124
265 1131
874 527
988 909
382 1117
357 365
62 445
286 564
405 811
614 1064
293 731
690 370
740 846
1091 1058
551 900
80 712
787 1097
164 1082
369 1138
295 845
743 443
303 126
420 404
436 731
1086 1010
1064 974
427 530
579 468
251 131
123 299
369 695
90 523
3 580
254 19
33 975
234 803
363 672
141 331
935 194
617 647
938 1022
1124 248
329 1107
295 282
628 1003
273 1000
843 538
367 1062
1113 727
56 744
745 839
975 154
1085 224
529 652
141 297
944 107
986 795
247 672
477 941
772 204
174 825
494 205
317 58
878 213
377 917
60 80
479 850
25 533
972 157
932 311
186 754
385 676
59 343
385 268
445 101
903 306
38 66
1075 482
898 66
525 704
507 578
250 594
504 1076
224 628
963 652
726 437
726 141
732 453
92 865
199 495
482 650
1064 227
614 208
605 445
572 600
530 175
363 855
28 96
37 1092
906 1062
205 588
1124 289
713 251
381 95
811 776
327 309
896 231
432 857
849 917
908 676
50 521
165 896
99 345
164 1023
33 751
43 51
906 360
278 545
149 1126
363 171
804 1087
220 157
519 1113
443 119
806 687
1052 451
613 937
860 68
417 493
897 1103
50 890
888 523
92 200
920 694
938 487
454 1025
458 985
860 191
511 849
414 144
169 1069
972 686
202 352
336 601
563 252
358 456
166 767
143 312
1082 1068
605 748
404 577
16 393
375 24
854 720
448 510
996 652
1115 974
443 94
222 9
460 193
825 513
41 390
1098 252
166 364
369 433
224 586
688 798
177 489
124 723
864 123
395 95
187 809
443 485
232 60
638 334
726 703
1071 493
470 958
223 782
487 941
450 1028
250 564
1084 259
878 163
67 260
1058 573
354 515
1091 873
498 928
271 176
1108 559
689 723
57 478
826 182
56 450
1023 1077
1053 632
324 505
154 845
559 38
513 816
1108 51
1104 850
860 367
1038 360
165 511
434 513
854 616
946 832
52 747
771 139
177 423
667 803
724 73
952 466
797 387
909 545
228 392
291 588
794 74
527 77
445 611
367 316
61 739
520 1079
65 736
375 744
294 867
1022 1002
408 855
969 577
178 662
318 634
138 1099
414 369
229 384
299 56
719 1095
509 126
1064 126
415 24
1061 118
327 101
288 793
37 763
117 914
713 697
410 597
946 971
702 1033
303 711
729 758
165 1025
1138 649
659 68
1062 766
614 943
165 510
984 139
222 715
843 433
674 772
798 553
225 361
4 731
549 1040
972 637
358 1144
338 1025
599 349
887 382
300 637
894 609
84 1076
790 602
1145 437
521 731
559 547
1137 444
158 68
134 798
549 1068
689 748
847 569
924 98
438 1122
1141 300
83 1017
124 140
595 494
671 901
33 306
222 1034
251 969
525 646
999 855
331 711
980 437
746 306
256 358
623 874
753 647
732 652
710 875
871 772
709 855
658 717
711 235
926 941
368 308
746 141
491 73
159 75
104 66
1000 595
976 1086
947 55
8 142
962 69
320 1123
31 444
56 909
751 527
1137 210
722 641
825 74
480 615
638 1070
623 126
1124 379
249 1101
1099 107
1091 617
869 1062
1105 684
1052 943
926 280
106 213
997 870
628 819
167 819
774 1021
986 413
275 383
992 1070
223 561
563 711
1039 471
421 783
7 725
826 1134
1034 1077
321 301
251 506
102 267
905 665
113 759
751 434
874 845
605 56
957 776
1085 66
871 639
358 450
924 1117
32 449
227 108
130 453
113 817
237 348
911 230
837 677
155 452
412 18
695 350
332 350
759 290
781 625
43 912
305 1129
256 1023
1101 246
191 553
953 745
911 867
223 573
160 618
1099 754
854 155
71 1140
6 1136
775 850
676 458
379 449
613 450
397 522
400 510
494 1068
858 659
1069 870
1110 304
4 972
677 147
936 700
1130 969
418 845
369 439
713 827
80 489
865 311
702 231
126 649
899 846
158 759
178 290
471 755
614 1138
282 451
791 645
564 692
385 779
139 436
599 1092
871 1105
899 920
538 1078
627 797
420 577
989 513
395 10
190 1010
811 978
430 281
518 133
195 964
1053 348
1030 1131
740 1106
1084 122
900 966
493 882
1005 830
698 588
679 832
922 803
745 961
1034 533
759 9
92 775
288 425
644 733
849 1025
238 181
1 344
672 383
520 934
588 850
946 1021
701 754
54 0
1016 637
38 367
381 1117
999 602
37 776
508 925
605 598
500 898
854 577
138 1077
629 1023
997 92
855 602
856 157
848 175
1060 27
614 80
78 105
418 479
989 895
1031 1099
897 565
540 510
784 662
106 666
190 845
113 594
327 104
1071 1052
938 896
1034 364
1003 991
8 119
256 1031
689 485
912 594
81 600
830 458
60 513
343 755
825 280
733 647
327 171
854 928
187 86
681 531
1021 103
373 700
242 907
703 376
439 922
432 154
1076 662
94 704
504 132
56 817
232 941
1051 245
161 122
191 20
436 1008
8 828
993 424
284 262
232 653
78 621
191 615
228 979
406 1087
648 989
113 731
415 218
288 381
435 910
652 717
954 376
587 736
21 1068
728 487
207 358
248 809
59 69
674 1041
117 119
366 133
319 194
293 147
779 647
148 5
746 577
1046 71
203 460
1074 935
1092 531
1095 505
932 585
595 873
1081 817
595 143
291 385
39 254
984 755
223 547
562 912
695 6
1122 1101
357 319
562 1098
572 1123
710 759
432 513
858 662
726 369
896 1010
881 1040
7 198
597 543
959 767
493 1081
595 940
946 1111
605 197
152 213
37 717
1035 404
331 794
363 345
291 519
188 358
29 1069
605 1045
737 210
971 458
250 560
779 891
748 59
510 704
681 210
756 467
890 126
410 1013
1011 863
899 721
830 444
432 683
457 152
464 649
1108 552
39 381
1143 25
44 269
854 895
946 1137
790 403
689 782
805 278
256 156
1005 602
856 954
84 102
453 98
233 159
757 667
260 770
767 170
425 383
752 847
422 347
869 107
541 390
746 347
508 1129
1140 179
906 367
404 444
828 83
853 653
216 144
511 809
295 551
1099 53
452 154
822 476
77 545
169 825
884 638
804 966
890 878
942 1012
482 845
601 799
671 585
172 252
996 722
763 803
659 144
757 646
597 1109
927 466
491 659
115 1107
135 969
358 345
538 687
557 964
790 534
453 551
414 60
396 1011
29 382
273 478
204 309
648 60
107 153
572 194
390 889
525 138
139 763
1139 242
317 768
946 755
37 194
965 360
866 144
139 425
547 686
439 88
494 855
1110 882
1027 433
1057 669
221 1114
618 868
657 119
324 3
571 587
667 684
65 822
1010 724
410 160
748 1045
214 953
104 246
260 245
369 712
5 793
655 537
944 275
255 902
685 8
714 812
205 394
84 825
1000 77
908 466
559 71
1113 845
154 280
989 196
1122 1013
329 886
909 1025
872 454
975 131
657 1020
84 1100
174 186
952 528
894 226
99 290
825 202
493 676
177 253
1032 506
983 194
885 637
43 767
976 1041
557 866
407 1022
559 115
1091 1042
246 278
870 384
493 896
1076 974
260 265
779 857
135 577
246 839
980 731
41 352
239 6
320 982
771 316
866 953
989 1027
865 444
559 56
21 542
395 352
512 144
111 817
772 138
732 361
29 669
563 705
41 1050
319 1083
944 139
900 553
80 891
152 819
90 910
790 888
373 1123
623 1008
627 431
254 816
115 1051
493 479
1142 639
533 228
149 381
443 142
876 420
689 101
380 355
573 1104
860 73
137 173
586 47
37 205
152 894
155 1107
994 1119
205 479
56 150
272 939
746 154
554 358
280 731
71 122
786 704
849 990
4 763
206 134
144 979
977 167
61 937
1054 215
997 169
223 168
179 739
726 285
493 534
938 642
273 898
1091 1022
508 771
376 73
33 237
358 170
332 922
757 896
726 755
315 183
702 1036
518 703
872 943
79 1048
973 307
869 786
78 84
719 639
60 202
207 78
174 361
430 379
1126 1004
698 1106
703 290
210 382
663 642
56 379
205 913
797 178
68 75
129 845
554 980
1147 640
729 882
571 647
296 77
908 652
927 504
264 579
334 912
1032 368
227 434
1113 550
454 937
138 475
443 748
861 794
621 389
791 722
489 798
518 715
632 640
378 451
801 441
238 775
932 1123
60 649
1050 1027
232 865
586 370
130 56
237 191
962 855
81 954
7 979
899 777
151 761
511 786
425 306
971 461
614 383
775 523
405 1052
946 139
958 472
1007 1076
493 200
942 20
1039 815
827 469
1029 877
689 817
745 770
315 478
40 889
824 565
80 422
138 392
322 506
1016 969
562 345
329 857
772 246
942 377
1115 717
327 805
519 510
1130 228
926 436
392 705
906 304
809 270
752 1097
231 727
72 1013
1004 589
222 213
853 280
625 205
208 433
563 59
218 6
419 345
265 77
671 441
196 469
617 675
84 573
1064 792
1034 717
511 1020
253 404
791 625
366 419
614 1034
544 731
629 930
22 59
41 1041
668 462
247 380
888 669
239 26
358 280
567 915
931 437
657 248
734 752
307 311
945 741
1108 763
924 1088
196 1099
540 1124
298 230
999 979
1062 167
146 57
940 155
732 170
44 805
336 1094
869 485
278 1025
43 880
311 850
203 790
703 285
29 357
439 2
668 213
275 139
996 191
358 712
287 5
39 296
801 1123
336 1103
775 69
332 762
976 686
475 825
984 709
746 784
232 930
380 662
166 243
738 293
512 74
1041 754
1075 965
522 633
674 1127
853 389
363 1081
676 803
386 569
124 1025
41 711
388 55
350 510
782 628
615 234
177 1017
71 756
332 750
155 1027
84 684
441 245
579 638
682 269
540 889
158 954
625 854
525 445
334 672
381 228
577 857
528 2
1139 1098
298 634
840 182
1011 157
302 581
205 131
251 86
685 1032
156 969
349 143
321 286
690 799
924 266
84 10
131 1051
200 809
71 640
1027 383
123 1040
50 576
1024 341
890 693
623 875
493 1041
428 754
106 548
782 439
871 58
1016 930
988 39
460 495
963 538
144 301
1144 26
938 551
58 770
767 368
175 370
1045 1094
338 191
366 487
527 941
782 770
1012 652
936 1082
363 562
175 20
944 280
124 700
939 451
695 157
512 845
1109 913
130 1045
61 696
485 439
690 194
801 131
98 814
652 985
327 772
689 1088
256 105
747 967
944 414
493 245
54 301
247 61
1104 463
256 170
65 587
528 852
434 974
904 999
790 350
515 1069
196 653
519 210
92 855
33 30
1056 602
516 285
714 11
547 588
330 767
73 817
1074 877
150 335
515 301
152 956
1028 1092
165 384
41 554
48 282
43 330
1138 280
403 181
664 899
305 76
339 213
434 170
135 947
367 817
362 958
1071 519
932 210
811 529
1091 832
671 806
78 629
31 840
216 129
615 645
359 889
946 493
673 985
321 380
80 542
938 343
713 898
207 840
222 251
1034 1138
951 132
976 775
743 618
605 485
709 248
957 671
848 265
791 811
84 643
417 1051
603 466
247 731
487 131
874 331
0 162
854 705
975 792
76 1145
1101 704
571 229
652 1128
822 412
80 74
37 922
1048 371
170 437
78 614
146 95
208 436
120 1075
44 894
572 760
625 882
1041 435
356 805
751 821
144 9
366 712
363 117
975 1107
617 687
630 115
248 1117
922 371
420 662
439 1021
906 896
302 817
714 503
1113 101
927 647
792 392
1092 745
574 366
779 776
287 863
41 256
493 972
597 62
201 437
858 419
831 610
873 1119
676 967
178 991
681 479
924 841
261 858
552 467
795 96
756 573
926 1099
432 509
247 68
498 1102
355 9
86 1136
355 953
214 366
231 587
493 653
124 849
156 527
253 647
222 1114
456 433
719 807
167 802
1101 628
178 186
790 808
934 954
625 1087
678 652
405 1002
493 202
627 1022
946 996
872 573
223 770
763 1087
499 83
289 451
858 458
168 47
402 193
273 520
837 666
104 278
273 108
256 108
1103 254
199 37
232 366
273 423
129 24
224 748
104 287
479 755
29 1039
190 198
453 553
873 620
589 312
61 1045
710 953
892 699
303 608
677 1097
494 420
1116 564
295 61
932 729
979 202
407 306
790 300
1045 246
587 733
1053 1122
854 24
563 608
461 602
525 561
195 801
138 768
873 282
978 1011
984 343
30 724
32 284
14 838
439 684
33 941
1095 641
830 676
609 215
757 1051
904 69
322 824
989 493
252 961
1062 47
906 119
830 850
1035 20
647 274
214 562
115 392
1099 265
410 324
762 66
400 625
943 245
195 750
789 10
509 131
223 563
1084 479
441 913
513 433
676 444
519 467
302 75
475 527
890 774
166 662
1138 653
790 700
402 641
88 827
1064 504
168 246
87 339
744 754
439 6
832 1019
864 355
992 1130
1092 799
577 1008
951 131
914 66
54 662
825 649
154 1107
194 799
1032 370
621 845
439 608
465 753
730 1044
135 979
256 352
166 1103
111 67
305 681
21 80
105 395
427 280
295 1063
482 992
138 389
265 680
965 868
756 641
898 1072
394 882
257 197
700 1025
322 25
295 788
1050 144
653 383
207 712
893 923
226 522
188 303
685 76
767 200
899 708
1138 895
1134 229
191 545
467 17
492 180
951 1003
880 265
693 1021
540 766
884 669
1012 811
996 686
199 160
355 73
563 403
692 829
412 877
528 197
388 609
366 395
563 561
898 425
938 811
124 681
208 366
22 335
207 653
332 898
917 53
703 159
454 867
493 392
237 1099
647 687
714 923
485 923
714 37
562 458
1000 0
152 1013
99 376
969 277
942 615
713 608
33 649
171 805
177 662
623 208
207 156
860 759
377 245
358 857
403 316
952 660
878 705
304 828
795 754
40 180
205 1013
560 355
975 653
732 180
149 392
208 1138
615 441
1095 819
614 527
144 170
56 8
139 754
701 451
412 365
188 628
1114 304
216 1023
389 1067
138 278
906 368
50 1045
992 311
790 992
694 564
605 388
976 225
614 1031
782 224
155 347
321 252
976 700
1084 1104
50 119
1056 770
567 412
971 248
165 1081
440 756
225 841
247 389
475 857
222 342
605 871
760 820
768 766
169 350
233 184
330 265
148 138
478 827
428 919
51 849
710 853
682 383
1031 1123
854 389
1057 523
395 928
419 376
557 676
76 680
414 854
39 611
1114 147
637 686
1081 83
1027 731
717 686
893 279
253 274
896 934
940 649
287 1119
22 66
754 1116
1057 191
515 578
1026 1016
579 40
328 596
1005 763
586 705
490 699
188 115
648 946
310 676
774 750
251 76
214 912
690 830
1101 700
599 767
902 501
1113 311
794 653
1112 535
743 597
703 419
484 478
1034 1050
1034 653
35 632
466 404
946 795
563 871
1091 71
422 1077
489 577
707 807
65 474
1054 580
302 419
183 131
323 1146
389 419
260 1137
406 699
931 1066
854 156
205 115
476 198
740 131
416 172
822 780
76 601
742 783
786 716
182 913
117 862
603 119
248 384
435 890
368 360
358 228
220 954
791 830
1110 186
1005 183
743 1105
277 513
115 784
329 413
477 135
859 915
381 890
946 1069
238 632
1077 471
222 233
223 275
831 721
320 266
39 775
492 361
479 463
334 140
249 965
744 1082
139 479
511 1025
507 1087
115 131
1030 1129
60 456
41 492
249 537
896 865
1032 609
478 301
327 1062
354 1023
385 985
962 107
835 992
572 183
427 488
682 785
648 979
333 1101
508 795
1102 693
835 1069
435 504
1034 301
493 865
504 1130
849 828
682 909
939 467
7 939
1039 350
350 35
210 755
216 845
247 285
322 242
781 119
52 46
957 616
571 1109
460 173
240 647
126 1059
205 937
942 775
1085 62
1138 461
572 225
485 524
369 471
317 148
1041 1097
153 949
79 213
1129 1025
638 1129
957 1124
363 731
1034 475
897 950
812 503
926 1130
672 588
498 88
363 971
1034 392
299 59
422 352
1031 464
373 464
1137 343
571 232
761 487
321 419
50 861
170 119
657 138
332 1058
914 887
688 433
697 521
996 615
272 1005
605 745
1064 875
65 669
430 176
714 894
529 722
1138 845
548 920
320 431
129 389
174 436
288 971
494 1072
1026 352
267 15
525 896
996 776
205 204
510 737
567 896
33 435
989 1023
675 282
1012 210
44 745
1081 245
743 843
570 1072
288 363
223 63
434 228
102 553
976 836
796 1076
904 869
428 793
1110 308
1108 684
327 586
207 1130
689 684
361 814
784 1017
957 478
380 564
363 914
134 686
934 647
403 754
232 527
333 704
1060 362
624 582
14 183
1041 569
873 610
576 523
854 174
414 751
1012 170
428 1097
414 611
237 925
922 1136
676 720
102 320
1108 700
1124 59
853 170
480 813
841 628
1105 422
951 153
261 342
644 720
615 729
860 380
1081 1017
168 309
696 961
980 1077
993 522
746 504
148 314
888 1070
295 510
381 549
459 794
454 669
159 364
369 277
381 527
1088 265
97 807
922 447
94 115
452 352
92 245
171 335
485 537
549 898
342 731
2 403
400 720
837 1097
312 731
515 662
232 331
401 161
94 768
232 1144
614 1144
986 882
295 189
227 1050
975 141
326 816
746 975
221 899
98 1003
16 549
659 1098
792 898
881 855
860 809
22 252
33 1130
5 142
232 78
919 994
315 464
608 611
242 450
321 937
664 147
571 910
59 167
165 830
897 243
556 711
237 1025
689 275
33 131
216 33
58 365
280 433
477 874
637 1093
408 413
925 775
1104 930
853 895
906 148
636 226
152 923
875 74
333 819
992 510
663 287
747 587
486 27
375 131
595 295
119 379
652 274
1014 97
400 763
1064 84
961 1025
92 210
621 301
71 684
862 610
37 336
180 496
369 1008
466 274
1081 53
896 642
623 886
916 54
50 241
869 368
33 14
600 361
243 450
132 131
717 662
970 943
1031 731
667 333
1052 513
38 839
926 1107
328 609
341 20
507 542
1048 254
940 202
182 13
329 208
1006 882
129 1102
1118 489
256 174
918 203
552 422
195 313
2 841
1085 223
624 324
862 708
456 10
208 280
860 254
899 919
906 333
926 653
805 609
198 18
98 132
223 805
349 170
986 967
698 455
519 569
1074 471
232 1138
553 360
956 982
385 733
779 913
62 246
641 643
313 547
997 1030
361 816
959 206
618 863
166 9
597 1038
957 392
397 1056
869 793
1131 1017
359 1065
759 30
710 423
648 7
1098 449
129 228
216 477
358 969
1081 925
152 543
8 58
884 16
848 1092
1007 54
458 594
1090 4
640 245
477 391
597 1020
52 17
851 704
709 461
644 350
1005 567
1027 1107
391 1023
999 775
854 493
578 611
927 934
682 511
208 228
866 437
83 1131
188 186
938 248
468 1088
214 817
549 589
794 312
1138 941
427 450
232 593
208 301
942 529
326 711
1034 912
296 131
28 881
984 535
363 768
71 588
188 839
477 825
1041 389
41 471
317 117
241 794
141 794
227 395
900 676
295 1051
43 370
78 1138
874 980
605 816
875 361
976 662
946 865
585 566
130 786
562 67
540 333
1123 553
363 296
597 812
689 696
636 213
248 828
485 204
938 567
154 1077
358 564
216 1027
255 654
199 340
534 270
554 712
165 700
92 39
440 1057
1120 1147
875 649
717 423
623 170
331 821
885 365
420 510
513 306
373 841
623 669
28 1040
864 51
107 672
571 1057
375 1025
216 934
927 31
811 615
448 1145
629 389
497 643
648 891
674 483
763 720
538 458
14 252
997 453
270 1025
618 320
400 1067
890 218
562 99
597 275
750 616
136 798
881 611
333 716
648 642
900 157
528 717
951 306
302 222
732 551
1062 961
364 376
493 922
39 1072
978 798
23 617
216 1099
257 379
946 720
365 770
1062 335
261 745
83 383
77 1025
150 1025
778 780
1099 821
944 1069
617 274
924 529
649 469
922 175
551 788
60 979
493 723
173 122
307 985
245 86
385 458
1019 820
874 306
942 817
245 378
940 352
899 147
648 1124
631 640
232 391
383 974
385 645
127 195
774 652
195 229
406 134
167 745
854 983
38 50
554 60
131 979
830 437
354 898
640 451
1141 825
199 72
625 932
926 347
743 268
923 454
138 875
988 56
113 717
1000 478
104 335
710 355
414 554
653 347
1081 513
403 693
893 908
995 1092
538 1025
37 370
446 455
439 86
732 615
329 895
782 839
148 766
820 632
1091 1052
233 858
243 67
784 456
917 681
1103 799
958 974
567 461
363 140
713 163
328 841
1088 680
745 928
659 562
326 435
932 850
730 866
216 475
233 158
305 296
212 252
697 1086
43 458
1035 624
944 60
589 836
797 35
955 1063
605 545
234 699
798 783
509 361
477 1064
938 134
365 1025
504 1146
555 363
906 561
454 420
22 855
518 958
976 788
714 193
427 3
784 649
938 474
99 717
889 609
192 286
504 1077
1110 633
363 113
768 47
122 1013
881 395
984 830
956 965
776 803
28 1019
613 133
923 965
923 230
757 260
115 1027
364 157
326 76
962 648
888 986
875 1001
945 669
504 141
106 727
3 17
571 776
893 33
414 1031
33 647
926 358
874 653
592 639
922 586
475 1023
1140 1029
615 922
952 931
1010 1002
75 423
1038 965
938 600
689 805
363 849
327 1124
381 146
119 704
1130 637
847 844
4 312
1100 949
841 86
97 819
713 392
115 1076
913 1025
549 1072
427 1048
847 862
251 339
340 495
571 472
860 334
471 712
97 982
614 979
44 609
1092 307
912 99
673 346
908 687
774 88
878 805
629 114
129 74
526 616
849 795
805 150
433 10
37 676
835 71
39 77
284 912
1078 687
168 1101
1147 1022
671 967
43 430
92 1051
925 270
329 347
1101 875
315 796
170 433
314 472
418 467
687 245
554 1138
751 141
224 525
1021 163
657 1101
201 497
117 382
355 99
487 1008
811 768
248 805
25 975
334 254
251 817
170 1094
251 383
28 437
570 527
746 389
434 452
579 334
406 551
1066 616
152 122
983 712
363 724
520 461
1085 356
709 343
208 24
139 836
403 785
324 350
14 649
223 5
1043 1121
682 316
494 1133
899 118
170 20
830 210
896 248
211 36
106 172
148 56
684 961
1031 1130
1095 965
52 276
788 553
856 1003
1011 686
341 450
4 769
922 368
875 1077
242 36
726 715
1070 1017
275 62
156 154
232 477
336 506
688 529
436 229
583 175
21 489
442 724
853 542
563 2
1108 751
746 383
112 1017
453 327
131 1077
731 974
667 360
1041 126
719 467
377 296
884 520
1108 435
43 33
83 723
363 744
411 96
795 870
358 75
549 66
574 33
772 1020
885 886
860 710
287 786
142 819
1091 63
39 549
142 379
1054 659
493 127
924 225
52 467
128 12
896 519
865 681
952 900
512 138
71 681
1053 181
33 139
106 862
30 285
740 1091
71 1092
156 755
400 912
605 975
924 1129
377 508
367 67
61 672
453 139
879 825
60 21
688 1005
349 611
84 821
403 77
422 1092
939 282
50 545
551 157
60 1034
165 925
652 798
569 602
1105 101
621 433
89 189
247 662
924 801
567 248
170 471
576 838
731 610
262 488
106 350
860 92
299 94
595 23
123 899
660 577
1027 712
261 30
979 437
596 145
653 891
944 83
2 409
115 1031
248 865
129 391
223 745
1050 228
898 1144
87 1048
432 522
798 473
984 1134
579 111
84 930
993 669
249 505
829 646
888 1111
303 827
350 471
135 170
605 828
189 970
1138 792
148 47
1035 583
299 991
688 755
1127 1133
685 479
942 511
567 830
275 786
367 265
91 186
48 675
477 437
615 616
997 723
400 686
825 553
337 1076
375 86
597 1122
1108 71
871 702
291 550
60 629
946 551
701 873
329 794
574 912
107 954
989 504
1054 20
4 798
443 309
666 569
912 907
759 67
478 1023
203 700
1046 698
89 1005
396 466
790 1131
782 119
575 725
24 1117
738 837
810 399
205 932
1022 455
338 245
149 228
936 1044
37 774
188 851
369 774
326 599
227 1107
874 144
1031 352
180 451
882 803
168 167
1140 643
37 97
892 350
363 681
228 653
909 785
729 799
429 119
135 437
223 119
1109 412
98 504
714 390
519 386
571 617
434 1107
408 646
319 19
174 974
1000 143
745 73
856 313
311 172
995 210
515 391
926 726
80 533
995 1101
854 825
268 1067
60 213
710 435
511 591
328 928
513 821
22 204
84 471
64 1137
205 1003
141 629
37 966
61 253
187 403
305 860
292 808
603 871
76 1129
733 686
1021 469
144 392
33 937
830 647
1026 348
425 680
1074 510
774 1087
551 852
772 115
638 1051
250 794
485 805
356 704
638 723
417 1026
975 347
738 222
913 672
659 565
937 672
1007 1118
893 955
62 628
406 1058
283 1083
540 667
898 475
355 613
615 466
439 628
977 279
562 262
373 267
617 718
332 732
475 131
342 954
414 432
329 979
932 353
726 745
138 779
672 680
105 475
59 101
120 843
369 181
227 383
615 1078
488 907
853 755
112 141
1090 861
849 140
941 306
316 672
41 314
171 150
909 672
33 444
927 628
296 67
869 61
983 608
518 562
1136 705
767 522
1084 482
533 265
924 131
813 611
525 360
326 1103
1049 590
258 215
525 8
383 463
1007 796
460 1013
191 775
508 880
100 863
23 1052
233 706
29 434
721 921
918 53
1084 684
710 75
350 724
759 250
878 469
624 580
131 306
926 208
693 6
541 1061
381 1124
1107 731
104 704
493 205
203 160
208 10
200 834
286 953
84 1144
713 280
290 345
257 17
779 1023
129 784
1145 265
744 741
152 615
521 399
858 724
842 463
791 279
933 242
1063 378
247 912
812 460
1066 444
1045 467
1069 1017
395 1136
988 265
487 1023
938 406
350 1056
326 322
54 183
460 490
330 1145
977 444
754 564
897 566
41 980
72 193
506 760
226 564
50 365
521 769
1022 718
551 84
1109 435
218 1021
291 373
305 119
579 631
1130 510
825 776
281 294
1139 1048
62 745
775 1131
878 611
946 220
804 1042
359 167
560 192
401 592
994 569
879 722
653 816
196 452
706 937
876 898
982 641
261 1034
560 953
226 1116
922 665
493 729
529 776
1138 456
625 798
1058 611
363 937
79 84
557 480
208 974
915 46
282 720
804 644
862 793
111 591
67 817
617 231
1079 986
435 433
438 495
693 608
59 696
33 337
1020 561
281 197
312 990
840 616
443 47
1041 108
1042 735
1039 608
97 1016
854 196
442 451
207 1045
105 392
869 278
80 779
1137 700
575 302
41 712
72 722
225 825
203 1068
120 956
796 301
560 724
297 521
205 11
511 104
246 828
302 594
432 969
934 991
835 1122
192 450
110 488
1064 891
713 415
1076 533
94 1101
302 321
664 793
748 851
121 727
936 775
170 1077
261 759
3 271
223 667
701 455
997 205
460 122
1124 479
543 340
797 194
41 148
205 538
685 79
240 1052
1011 986
942 795
992 412
403 591
983 1144
588 593
623 808
1035 494
648 437
955 1061
254 745
482 1038
835 177
667 961
726 980
508 1094
79 215
43 506
144 1008
331 456
38 869
96 647
912 175
597 440
726 854
411 466
117 602
791 879
579 789
326 194
730 985
917 1017
1105 845
906 684
291 307
919 921
1031 649
557 679
1124 395
446 35
744 1025
574 565
1028 20
781 238
443 628
373 482
540 363
1084 995
853 1027
105 794
1147 413
448 704
388 390
1066 451
980 779
28 945
14 784
552 982
1108 838
1023 845
853 115
1014 1006
400 732
615 776
1034 857
275 795
894 681
427 1098
1084 213
992 523
1009 83
453 667
162 649
324 379
295 311
1091 593
97 495
332 20
60 126
302 376
275 716
196 940
8 368
984 808
78 891
890 1144
92 334
1021 979
1000 164
590 809
798 157
713 948
238 550
214 113
731 1077
971 107
541 565
971 937
139 259
493 1050
500 1100
205 850
530 565
1021 827
997 642
178 715
78 504
350 1069
940 513
129 6
279 478
87 349
791 763
154 456
746 853
83 545
203 1095
840 779
991 755
241 521
259 550
430 17
456 361
165 775
58 167
700 86
957 1128
738 793
464 1003
584 851
97 402
333 586
98 798
934 643
938 590
92 254
801 183
1091 915
975 533
1067 364
1039 813
258 950
8 1092
1129 77
356 275
148 101
135 390
392 816
855 382
62 360
581 376
422 433
902 96
392 1023
412 753
126 731
274 1025
857 456
695 510
504 320
452 55
129 383
869 246
224 696
966 553
685 593
264 607
1103 1145
368 466
444 1133
14 80
1113 639
605 657
908 669
601 928
286 285
782 248
383 700
671 510
678 813
866 724
52 632
623 420
1084 737
452 170
139 231
762 381
837 569
331 434
937 376
313 615
775 672
884 608
648 794
334 1129
313 687
936 1145
784 1107
205 230
942 169
256 151
944 974
76 894
579 930
874 816
804 396
76 270
31 801
321 796
121 845
818 1125
945 95
1141 210
963 647
996 453
850 845
1091 679
1004 77
406 510
625 804
304 246
170 215
436 825
1126 95
418 1001
263 242
89 184
7 808
1097 829
43 726
745 531
218 103
375 680
2 616
1008 1077
847 564
103 344
383 131
138 434
935 464
581 710
23 686
297 769
549 570
1098 488
876 1039
266 954
190 259
2 473
946 170
1124 1104
567 1111
884 1000
213 379
200 1094
840 131
1050 452
187 795
726 68
926 751
571 913
305 254
940 395
1074 885
415 143
445 360
508 1143
205 350
1118 622
630 66
134 699
525 150
214 745
398 1061
853 126
33 279
418 875
879 548
614 10
268 1095
375 83
224 59
61 458
997 436
1066 1100
320 628
666 787
80 395
515 478
257 565
381 208
592 641
764 18
448 497
1058 949
161 868
776 882
350 799
437 1023
1058 922
369 910
551 364
452 280
441 647
511 744
131 1025
302 937
115 1099
842 886
942 56
504 84
169 984
772 333
989 347
781 1041
779 10
571 788
422 479
467 868
1128 686
317 59
480 385
165 1117
59 379
414 755
465 323
151 456
926 875
872 1010
400 366
869 855
924 572
43 364
1048 450
726 452
598 235
562 530
1028 566
734 126
237 83
438 122
78 228
188 142
1050 366
259 181
976 741
667 62
572 1129
710 1027
1142 324
225 797
786 561
485 768
310 686
927 615
435 1107
551 191
672 1051
869 887
762 143
599 19
511 77
809 77
73 9
559 50
854 1050
1030 917
614 358
913 687
64 436
979 382
418 684
690 215
726 389
942 909
835 995
404 802
169 775
61 745
954 564
452 898
547 733
771 545
931 730
443 365
31 458
689 334
452 301
791 587
812 11
1034 980
581 715
332 1086
695 773
60 422
899 847
1064 816
138 696
334 545
395 542
508 305
843 823
400 67
546 595
8 1045
232 895
299 1040
137 807
366 84
135 369
139 1131
993 1070
537 320
600 364
154 653
114 930
248 755
932 829
717 803
418 463
942 350
367 76
711 991
1020 545
899 709
721 829
334 450
963 1057
731 816
746 629
880 243
1087 661
563 910
33 875
188 561
363 254
350 611
164 183
268 230
943 662
752 677
935 1140
148 586
1076 183
1067 450
624 583
135 475
334 296
779 154
718 1063
775 510
983 1094
116 10
436 974
30 252
432 649
713 473
51 133
0 649
8 949
135 469
226 862
229 985
443 22
787 569
996 585
305 383
498 372
689 223
369 131
261 286
33 802
126 784
323 463
256 974
1064 1034
900 788
150 819
1041 969
667 204
256 80
1147 679
207 131
673 1134
1118 12
864 594
227 974
170 19
707 722
648 1008
69 700
941 1144
486 971
276 454
946 494
508 87
1105 850
33 1041
876 1072
1011 676
806 776
487 649
404 687
878 608
1010 311
170 131
890 34
958 42
45 852
318 49
319 82
93 968
209 107
217 890
236 900
244 589
325 234
351 1008
289 374
426 316
951 481
541 514
517 769
532 280
558 763
568 651
942 604
612 48
350 619
656 319
691 296
765 573
530 833
801 968
1049 981
408 998
1018 773
1064 1037
520 1047
1055 357
1096 900
1132 833
305 1135
