0 510 294 753
1 896 753 163 968
2 585 753 210 734
3 631 753
4 736 361 753 522 549 197
5 0 753 33 564
6 753 414
7 753 343 259
8 753 564 419 130 818 294
9 238 294
10 753 901
11 27 564 753
12 753 826
13 749 753
14 753 688
15 753 33 700 260
16 1101 352 1008 753
17 208 969 753 121
18 208 969 753 121
19 753 923 218
20 753 54
21 753 968
22 850 753
23 753 294 910
24 850 753 564
25 753 72 910 208
26 753 0 361
27 850 753 414 564 968 260
28 753 33 725
29 753 121 1144
30 753 294
31 753 564
32 753 968
33 753 564 968
34 753 472
35 753 104 218 54
36 753 350 209 485
37 850 753
38 753 294 736
39 1012 753 294 818 268 54
40 962 839 753 27 139 968 218 453 818 670 54
41 962 753 968 264
42 753 758
43 753 121 910
44 753 414 564 651 130 334 771 508 746
45 753 968
46 700 753 923 382 475 640 372 193 107 855 752 572 1068 882 652 670
47 850 753
48 753 910
49 753 561
50 753 770
51 753 27 884 758
52 753 413 564 968
53 753 1142 33
54 753 522 564 968 883 818 951
55 753 522 485
56 753 389
57 753 899 762 910
58 753 916
59 461 753 564 472
60 753 564
61 753 1041
62 850 753 27 564
63 753 238 485
64 753 413 1057 564
65 753 371
66 753 968
67 753 481 121 41 899 485
68 753 27 968 193 260 67 890
69 700 753
70 753 1041 985 8 485 688 1124
71 753 27 260 733 916 33 54
72 753 597 0 922
73 753 968 344
74 753 937 899
75 345 753 968
76 753 911 270 488 485 688
77 753 485
78 753 453 132
79 753 260 985
80 753 235 937 350 760 54 932
81 753 294
82 850 712 753 27 968 260 911 894
83 753 516
84 850 753 27 564
85 753 564 1045 968
86 753 564
87 753 899 818
88 753 294
89 753 2 121
90 753 564 968
91 753 968 298
92 753 564 968
93 753 371 1146
94 753 968
95 839 753 564 333
96 753 669
97 753 27
98 850 753 27
99 753 564
100 753 218
101 850 753 27 218 208 54 36
102 753 968
103 96 753 27 564 968 883 670 688
104 753 1041 260 916
105 753 218
106 753 260
107 753 923 1142 0
108 753 193 218
109 753 1075 698
110 753 968 485 922
111 1012 753 27 968 2
112 850 753 564 968
113 461 712 753 472
114 819 753 968 927
115 753 899
116 850 753
117 753 238 922
118 753 27 294
119 753 485 910
120 850 753
121 753 277
122 753 564
123 753 33 54
124 753 733
125 753 195
126 753 238 42
127 753 752 757 33
128 345 753
129 753 121
130 753 736 0 1043
131 753 968
132 850 753 27 968
133 753 968 333 132
134 753 121
135 753 485
136 753 899
137 753 968 41
138 850 839 753 564 968 193 260 374
139 753 701
140 753 294 54
141 753 564 75
142 753 1025
143 850 96 1012 700 753 27 413 97 564 1083 0 752 124 894 319
144 753 294 193 218 899 524 818 485 910
145 850 753 564
146 753 925
147 850 96 1012 753 27 413 908 564 372 973 0 71 181 883 67 1036 261 553 9 574 880 670 496
148 753 899 818
149 753 564
150 753 485
151 753 1142 564 932
152 850 753 294
153 700 753 260
154 753 752
155 753 950 968
156 753 27
157 753 485 304
158 168 753 973 722 9 574 485
159 753 27 294 238
160 753 968 460
161 753 714 238
162 753 916
163 753 27 968 911 894 895 54
164 712 753 0 516
165 753 271
166 753 564
167 753 937 41 910
168 753 564 54
169 753 911
170 1012 753 564 968 911 67
171 700 753
172 753 121 41 818
173 753 1041 701 54
174 753 481 121 104 818 303 3
175 753 294
176 753 522
177 753 522
178 753 522
179 753 522
180 753 736 238
181 753 27 294 45 104 688 20 922
182 850 96 753 27 413
183 753 121
184 700 753
185 753 937 564 950
186 753 564
187 753 564
188 819 753 968
189 753 564 968 1023 587 688
190 850 753 27 564
191 850 753 27
192 850 753 27 968 0 71 894
193 345 753 597
194 753 663
195 753 688
196 712 753
197 753 260 104 422
198 712 753 968 260 0 735 218
199 850 753 294 260
200 753 968
201 753 564
202 850 753 27
203 850 753 235 564 968 405 16
204 753 1142 364
205 753 522 121 670
206 850 753 27 564 968 973 278 883 405 16 354 374
207 96 753 294 933
208 753 522
209 753 564 968 0
210 850 753 564
211 753 663
212 753 818
213 753 968
214 753 736
215 461 753 979
216 839 753 937 139 950 1075
217 753 522
218 753 27 294
219 700 753 564 968
220 96 753 1041 2
221 753 104 218 271
222 753 414 1041 884 564 968 260 1083 71 752 121 104 41 218 1023 303
223 753 27
224 753 597 139 968
225 753 968
226 753 522
227 753 414
228 753 968
229 753 27 968
230 753 663 12 485 271
231 753 522 139
232 850 753 27 968 104
233 753 688
234 753 968 289 38
235 753 27
236 712 753
237 753 564 968 121
238 753 289
239 753 937
240 461 753 564 968
241 753 413 968 655
242 753 413 1041
243 850 753 193
244 850 962 96 753 27 413 937 294 564 950 209
245 850 461 700 753 382 27 1025 1041 564 0
246 850 96 753 27 294 968 238
247 753 968
248 712 753 597 559 0 142 68
249 753 1041 294 564 854
250 753 1142 557 577 158 752 943
251 850 753 382
252 753 968 9
253 850 753 294 218
254 753 6
255 850 712 753 915 413 414 1041 559 564 968 1092 894
256 753 218
257 753 968 0
258 753 260 41
259 753 597 968
260 850 700 753 1142 294 97 260 422
261 850 753 1041
262 753 1041 294 139 45 2 883 899
263 850 1015 700 753 27 968 193 181 121 926
264 753 485
265 753 968
266 753 209
267 753 564 0
268 753 104 41
269 753 1041
270 753 391
271 96 753 27
272 345 753 564
273 753 56
274 96 1012
275 753 968
276 1012 700 753 923 1006
277 753 899
278 753 407
279 753 27
280 96 753 27
281 712 753 27 1041 968 260 71 894
282 753 1041 559 260
283 753 404 968 104
284 850 753 413 1041 937 294 968
285 753 968
286 753 968 752
287 850 839 753 27
288 850 753
289 753 290 923 522 621 231 294 968 158 104 218 422
290 753 260
291 753 1023
292 753 1041 559 104
293 850 753 564 968 260 218
294 850 345 753
295 753 209
296 850 753 27
297 753 391 218
298 1012 753
299 96 753 382 27 413 475
300 753 27 413
301 819 753 27
302 753 27 260
303 753 1041
304 753 1041 937 721
305 850 753 27 104 218
306 753 597
307 753 1075
308 850 753 27
309 753 522
310 850 753 27
311 753 923 27 413 911 894
312 753 104
313 753 1041
314 850 753 27 766
315 753 27 413 181
316 753 1041
317 850 753 27 555
318 461 753 1078
319 753 290
320 753 238
321 96 700 753 382 1001 294 1117 860
322 753 414 884 968
323 753 235
324 753 290 414
325 850 753 27
326 753 27
327 850 1015 96 168 753 382 27 1001 564 1045 968 228 448 181
328 700 753
329 850 461 712 753 27 1142 865 1041 294 114 193 260 0 238 181 121
330 850 753 991 564 968
331 753 414 689
332 753 1142 597 0
333 753 564 968
334 753 121
335 753 290
336 753 603 564 957 76
337 168 700 753 676
338 850 753 1041
339 850 753
340 753 290
341 753 129 260 218
342 753 1041
343 753 27 260
344 96 753 277
345 753 27
346 753 207
347 753 923
348 850 753
349 753 968
350 753 923 27 1041
351 850 753 290 27
352 753 1142
353 753 1142
354 753 1041
355 753 290 923
356 850 753 27 1142 559 260
357 753 937
358 96 1012
359 850 753
360 753 1041 372
361 712 753
362 712 753
363 753 968
364 1015 753
365 753 1041 884
366 850 753 564
367 850 753
368 753 27
369 753 0
370 850 753 923
371 753 27
372 850 96 168 753
373 753 1142 736
374 1012 753
375 96 753
376 753 1041 950
377 1012 753
378 700 753
379 753 347
380 819 753 766 564
381 96 753
382 753 226
383 629 753
384 753 564 16 491
385 753 991
386 850 96 753 27
387 753 1041
388 753 290 937 950
389 753 1142
390 700 753
391 753 1041
392 753 27 915 1142
393 753 27
394 850 753 923 226 1025 1041
395 753 27
396 753 27
397 850 753
398 753 290
399 461 753 915
400 753 564
401 753 991 55
402 850 1015 712 753 290 923 27 473 597 1013 1025
403 753 714
404 850 753 1041
405 850 753
406 753 27
407 850 1015 96 1012 753
408 96 700 753 294
409 753 597 991 564
410 850 151
411 850 753 290
412 850 753
413 753 350
414 850 753
415 850 712 753 290 27 597
416 850 753 1013 166 937 724 97 676
417 753 27
418 753 139
419 753 968
420 753 937
421 753 27 347 714
422 753 1041 1120
423 151 753 290
424 850 753 27 1142
425 1012 753
426 96 753 27
427 753 347
428 629 753
429 753 27
430 850 753
431 753 937
432 850 96 1012 753 27 937 97 564
433 96 1012
434 850 753 923
435 96 1012 753
436 753 6
437 850 753
438 753 915
439 850 753 27 294
440 753 1041 714 332
441 96 753
442 1012 700
443 850 753 861
444 753 1106 290 846
445 753 1142
446 753 1142
447 753 522
448 753 1142
449 753 332
450 850 962 151 1015 168 1012 700 753 382 27 39
451 850 753 27 1142
452 753 1142
453 850 753
454 850 753
455 753 290 1142
456 850 753
457 96 1012
458 839 753 522 27 294 139 1131 284 527
459 850 461 168
460 850 96 712 753 714
461 850 461 753 226
462 850 753
463 96 753
464 850 753
465 850 753
466 753 290
467 850 753
468 753 290
469 96 1012 753
470 850 753
471 753 1142
472 753 1142
473 96 700 753
474 753 923
475 850 753
476 96 753
477 753 1142
478 850 700 753
479 850 753 1142
480 753 522
481 850 712
482 96 819 753
483 850 753 522
484 850 839 96 168 753 522 1142
485 629 753
486 850 962 151 753
487 850 753
488 753 923 522
489 96 753
490 629 753
491 1012 753
492 753 923
493 850 168 753 972
494 753 290 923
495 968 564 883
496 968 564
497 968 27 607 850 459 181 574
498 564 951 968 938 96 1073
499 653 968
500 564 991 968
501 564 968 27
502 968 564 506 27
503 564 968
504 96 968 564
505 564 968 506
506 990 70 798 846 621 968
507 759 261 968
508 1083 0 688 944 818 294 988 937 627 208
509 358 380 968 418
510 469 968
511 508 328 211 968
512 508 647 564
513 763 564 968 951 873 820
514 763 968 564 951 873 820
515 564 968 883
516 850 1015 27 1142
517 850 968 2
518 564 968 883
519 819 564 968 2 883 108
520 564 968 883
521 27 564
522 564 968 506
523 850 968 21 688 88
524 968 182
525 564 968 453 688
526 968 495 883 483 63 472 534 909 182 103 498 709 1125 993 960 81 1016
527 564 968 481
528 97 968
529 27 564 968
530 27 968
531 968 932
532 96 27
533 168 564 968 883 574
534 27 564
535 968 782
536 564 968
537 968 688
538 27 564 968 894 374 624 402 890 506 932 497
539 850 968
540 700 27 413 1057
541 27 564 968 541 506 344 932 793
542 908 968 1068 335 593 268 932
543 968 333 50
544 850 27 968
545 96 968
546 27 564 968 574
547 27 968
548 968 132
549 564 968 132
550 850 819 168 1012 27 413 621 991 968 0 181 883 541 1063 1036 453 738 132 79 1102 895 873 688 20 1146 506 1139 820 265
551 968 50 1028
552 27 564 968
553 968 526
554 850 27 564
555 1012 700 27 937
556 968 271
557 45 968
558 564 950 968
559 968 218
560 1001 577 564
561 27 968
562 962 564 968 973
563 968 506
564 712 413 564 968 695 441 28 670 688 197 922 33
565 937 950 968
566 958 968 883 793
567 564 207 968 483 909 935 688
568 850 27
569 968 0
570 564 968
571 564 968 688
572 850 168 27 968
573 972 968 973
574 564 968 883
575 700 564 968 541
576 968 911
577 27 564
578 700 564
579 96 968 221
580 27 564 968 451
581 413 1057 968 971
582 968 132 20
583 968 319
584 968 41 453 731
585 564 968 132
586 564 968 132
587 968 132
588 564 968 132
589 564 968 132
590 564 968 132
591 564 968 132
592 564 968 132 20
593 564 968 132
594 564 968 132
595 564 968 132
596 564 968 132
597 564 968 132
598 968 132
599 564 968 132
600 850 27 968 883 16 688 462 31
601 96 27 937 564 950 968 333
602 968 264 132
603 564 968 453 182 427
604 850 345 413 559 968 1112 727 516
605 850 168 413 968 541 1036 909 818 688
606 27 564 968 911 9
607 950 968
608 850 168 27 413 968 495 181 541 574 909 688 103 904
609 968 234
610 27 968 374 1029
611 968 453
612 968 508
613 27 564 968 752
614 850 101 539 564 406 968 1077 124 261 202 788 374 909 182 1129 670
615 850 1091 968 777 875
616 413 968 883 1068 688 462 760 344
617 850 564 968 181 8
618 27 564 968 541 9 935 688 31
619 968 132
620 294 564 968 1083 883 541 422 1143 899 582 818 511 833
621 991 564 968 883
622 27 1057 564 968
623 27 968 181
624 968 365
625 564 968 883 261
626 96 968 202
627 968 894
628 968 132
629 850 27 1142 564 950 968 0
630 839 1012 564 968
631 564 968
632 850 27 968 67
633 564 950
634 972 937 950 968
635 413 1057 564 968
636 96 968
637 850 27 884 968 0 71 894
638 850 27 968 0 71 218 894
639 968 924
640 546 937 564 968 124
641 564 968 124
642 850 96 27
643 968 374
644 183 968 374 1029 402
645 621 968 899
646 27 564 139
647 850 1012 27 564
648 850 27 564 968 0 16 1112 688
649 564 968 121
650 968 973
651 968 161
652 382 968 894
653 564 968 973 574
654 839 564 968
655 850 564
656 1012 564 139 968
657 968 67 446
658 564 968
659 968 453
660 850 700 27
661 736 968 549
662 850 168 27 413 564 968 883
663 96 968
664 850 27 968 495 752 181 754 32
665 700 968
666 968 121
667 968 752
668 968 899
669 476 463
670 968 911 121 894
671 27 475 564 968 67 9
672 168 968 934 374
673 27 475 1057 564 968 655 934 604
674 850 168 700 27 937 294 564 950 401 968 193 973
675 564 968
676 850 96 168 382 27 475 968 973
677 968 41
678 564 968
679 168 564 968 973
680 968 182 1107
681 850 839 476 413 968 973 957 883 405 16 1068 827
682 413 968 934 374
683 850 962 819 382 539 27 413 323 728 564 968 973 181 957 278 883 16 124 78
684 968 453
685 1041 968
686 382 27 968
687 564 968 16
688 564 968 16
689 850 968 374
690 850 968
691 850 168 27 968
692 96 1012 27 968
693 27 968
694 968 752 121 374
695 700 382 294 968 973
696 850 1015 96 968
697 923 1142
698 850 968
699 968 41
700 235 968 374
701 27 968 212
702 968 899
703 968 41
704 850 168 27 413 564
705 962 968 541
706 968 458
707 96 1012 968
708 168 968 900
709 819 347 968
710 850 168 968 415
711 850 968
712 1142 404 968
713 413 968
714 846 621 564 968
715 168 968 973 541
716 564 968
717 629 958 564 968
718 151 384 804 603 639 564 372 284 968 973 855 134 228 775 181 847 189 528 609 320
719 850 968 124 67
720 850 1012 968 2 415 900 894 943
721 850 461 96 712 382 27 413 1057 968 735 882
722 972 937 564 950 968
723 700 404 937 968
724 850 404
725 850 968
726 850 700
727 850 968
728 850 96 819 168 539 27 413 564 968 193 973
729 168 696 968
730 850 168 27 413 908 968 973
731 401 968
732 850 168 1012 27 413 968 91
733 850 168 27 968 91
734 473 968
735 968 91 93 541
736 850 168 1012 27 413 564 968 91
737 461 968
738 850 168 564 968 973
739 1015 168 413
740 461 168 27 413 736 968 973 883
741 968 91
742 382 27
743 850 564 968
744 968 1003
745 1012 382 621 991 949 45 968
746 850 564 968
747 962 1015 168 700 577 968
748 850 461 168 27 413 968 973
749 968 697
750 168 686
751 850 564
752 96 564 277 968
753 27 564 181
754 1016 564 700 1036
755 27 9 781
756 9 901 27 781 409
757 452 1036 971 705
758 488 894 27 670
759 27 1036 971
760 27 413
761 27 474
762 850 96 27
763 27 818 50 1011 1101 437
764 27 413 1057 564 181
765 27 541 670 506
766 27 655
767 27 413 558 1036
768 27 413
769 27 413
770 27 413
771 700 27
772 27 564
773 27 413 1057 2 911
774 27 1057 1004
775 27 413 132 729
776 27 941 142
777 27 1036 971
778 27 937 181 771 250
779 27 413
780 27 1036 116 793
781 96 27 9 821
782 27 97 2 67
783 27 729
784 850 819 27 991 193 571 1068
785 27 564 610 932
786 850 27 230 375 181 992 374 622
787 850 27 230 375 181 354 992 374 507 506
788 27 413
789 850 27
790 27 1101
791 27 453
792 27 1057
793 96 1012 27 908 167 945 223 47
794 700 27
795 27 413 139 1108
796 96 972 27 564
797 27 312 181 1036
798 850 27 230 937 564
799 27 294
800 27 564 818
801 27 413
802 27 413
803 850 27 1057 415 592 453
804 700 27 818 932
805 700 27 818 3
806 27 937 564 181
807 27 413
808 27 413 781
809 27 413
810 27 453
811 27 413
812 96 1012 27 413
813 27 413 564
814 850 700 27
815 27 564
816 850 96 27 911
817 226 27
818 96 27
819 27 413 950 203
820 27 413
821 96 27
822 27 804 413 372
823 27 413 485 203
824 27 413 1057 899
825 1012 27
826 700 27 413 235 564
827 382 27
828 151 168
829 27 655
830 27 413
831 96 27 413 564
832 27 413 235
833 850 168 27 675
834 700 382 27 97
835 96 27 277 5 940
836 96 700 27 413 1057 564 456
837 27 2 181 911 16
838 27 457 193 571 1003 138 1088 64 1121 58
839 27 1001
840 850 96 27 454
841 850 27
842 850 1015 168 700 27
843 850 27
844 96 27 1004
845 850 1015 712 700 382 27 697 124
846 27 564 1004 882
847 850 96 27 413 937 950 856 737
848 27 74 1068
849 27 207 121
850 27 413 1004 827
851 700 27
852 850 819 384 27 230 166 457 728 287 564 1050 94 193 375 181 1003 262 847 278 93 405 173 320
853 96 1012 27
854 850 27 931 213
855 96 27
856 27 475
857 96 27 413
858 27 413 655
859 850 27
860 96 1012 700 27
861 850 382
862 27 372
863 27 228 181
864 27 413 856
865 1012 700 382 27 404 475 828
866 27 413 856
867 382 27 372
868 850 923 382
869 850 1015
870 850 972 27 611 413
871 700 27 475 495
872 96 27 856
873 850 27
874 850 712 700 382 27 413 475
875 712 1012 27 53 1090
876 96 699 27
877 27 97 950
878 850 1015 27 413
879 850 962 168 27
880 27 413
881 850 27 804 564
882 850 382 27 804
883 96 1012 27
884 850 962 522 27
885 850 96 1012
886 850 27 804 475 372
887 850 700 382 27
888 850 96 168 1012 700 382 27 1001
889 850 27 475
890 1015 27
891 27 639 284
892 1015 382
893 850 1015 27
894 850 96 819 700 382
895 850 96
896 96 1012 27
897 850 27
898 850 27
899 850 1015 96 168
900 850 923 27 1142 559
901 850 96 27 413
902 850 27 804 475
903 96 27
904 850 27 230 457 287 564 393 193
905 850 96
906 850 1015
907 850 27
908 96 382
909 1015 96 168 1012 1035 27 804 519 231
910 27 804
911 27 1007
912 27 804
913 96 382 27
914 850 96 27
915 850 345 1015 96 168 1012 739 27
916 850 1015 96 27
917 850 923 27
918 850 1015 96 27 413
919 850 168
920 193 850 564
921 850 564 932 193 139 681 58 225
922 850 333
923 850 700 364 663
924 850 413
925 850 506
926 850 752
927 850 564
928 850 819 294 564
929 850 700
930 850 382 564 572 818
931 850 564
932 850 294 818 670
933 850 230 564 193
934 850 564 193 1068
935 850 96
936 850 96
937 850 96
938 850 839
939 850 473 597 260
940 850 937 564
941 850 413
942 850 230 166 640 94 617 193
943 850 475
944 850 230 235
945 850 413
946 850 564 405 16
947 850 856
948 850 856
949 850 1015 700 382
950 850 461 382 139
951 850 96 382
952 850 290
953 850 923
954 850 1089
955 850 1015
956 850 724
957 850 461
958 850 712
959 850 881
960 850 712
961 850 168
962 850 461
963 850 168
964 850 503 475 724
965 850 1015 96 413
966 850 1015 96 168 1012 700 382
967 850 461 290 382 473
968 850 168
969 850 168 290 34
970 850 1015 168 382
971 850 1015
972 850 384 1093
973 850 96 168 700
974 850 461 96
975 850 96
976 901 781 450 564
977 275 321 465 203 772 52 413 789 564 285 942 573 84
978 700 564 640 899
979 564 818 210 294 559
980 564 932
981 564 883
982 564 19
983 564 950 883
984 564 932 793
985 564 1045 883 987
986 906 564 333 688
987 700 564 451
988 564 950 736 132 731
989 564 132 731
990 564 688 31
991 564 688
992 96 564
993 564 758 1138
994 564 883 161 169
995 564 1036 637 241
996 564 132
997 564 132
998 564 899
999 564 899
1000 564 132
1001 564 899
1002 564 132
1003 96 564
1004 96 413 294 564 655 1004 422 818 303 119 1108 781
1005 564 818
1006 937 564
1007 564 209 624 491
1008 766 564 278 76 883
1009 839 235 981 564
1010 413 564 919
1011 564 1046
1012 235 564 189 76
1013 564 315
1014 96 564 277
1015 413 235
1016 290 564
1017 96 1144
1018 629 96 1012 734
1019 96 214 970 645
1020 96 214 970 319
1021 652 263 96
1022 96 1012 908
1023 96 875 67
1024 96 875
1025 629 96 1012 339 148 848 720 317
1026 96 908 223 706
1027 96 1012
1028 839 629 96 1012 958 787 319 764 734 367 1031 1061 848 720 135 1096
1029 96 277 324 484
1030 96 277 5 970
1031 96 624 731 50
1032 96 919
1033 151 96 413 604
1034 96 899
1035 96 294 973 1083 422
1036 839 96
1037 96 277
1038 96 650
1039 96 950
1040 96 1035 277
1041 96 1012
1042 629 96 1012 958
1043 96 700 294 121
1044 96 1012
1045 96 908 736 936
1046 96 1012 1035 937 139 1008 238
1047 96 294 1083
1048 96 1012 950
1049 96 1012
1050 96 139
1051 96 1012
1052 96 777
1053 96 1012
1054 96 1012
1055 96 1012
1056 96 1012
1057 96 168 686
1058 96 1035 908 1008
1059 96 1012 1001 294 139
1060 96 1035 908 1008
1061 96 1012
1062 96 1012
1063 96 294 950
1064 96 1007
1065 96 1012 1035
1066 96 546
1067 96 1012
1068 96 235
1069 96 168
1070 96 1012 1035
1071 96 923 413
1072 96 972
1073 839 96 1012 937
1074 96 1012 1035
1075 96 1012
1076 96 856 57
1077 96 1012
1078 96 972
1079 132 20
1080 132 982
1081 950 132 600 439
1082 333 152 132 731 203 20 745 397
1083 132 20
1084 597 0 132
1085 132 20
1086 107 335
1087 899 132
1088 132 20
1089 132 20
1090 899 132
1091 899 132
1092 132 20
1093 899 132
1094 899 132
1095 899 132
1096 899 132
1097 457 132
1098 457 132
1099 0 132
1100 132 20
1101 183 132
1102 132 95
1103 132 731
1104 132 249
1105 413 132 511
1106 364 132
1107 132 20
1108 141 132 731
1109 471 340
1110 991 899
1111 899 132
1112 621 798 991
1113 413 971
1114 413 558 971
1115 151 413 1057 894 604 496
1116 413 1041
1117 413 882 781
1118 413 511
1119 413 1057
1120 413 971
1121 413 971
1122 413 1057
1123 413 1004
1124 1037 211 256 1146 457 937 694 386 989 1042 731
1125 937 449 20 975
1126 290 414
1127 290 765
1128 290 323 636
1129 290 323 636 74
1130 290 923
1131 290 1041
1132 290 323
1133 168 700 577 158
1134 168 382
1135 1015 168
1136 168 686 133 1008
1137 1015 168 700
1138 962 1015
1139 812 168 974 133
1140 168 686
1141 168 700 382 1001
1142 839 629 168 1012 958 906
1143 168 700 382 804 475
1144 101 1015 168 700 382
1145 621 933 899
1146 121 899
1147 264 899 670 1011
1148 162 899
1149 621 899
1150 621 899
1151 207 121 41
1152 700 752
1153 1041 894 688
1154 345 688 932
1155 991 481 571 933 8 303 688 760
1156 883 1116
1157 453 803 688
1158 235 757
1159 235 189
1160 962 235
1161 962 235
1162 881 235
1163 235 207
1164 1012 235
1165 771 106 909 612 578 153 840 679 563
1166 937 378 608 751 37 140 43
1167 1146 83 457 937 421 740
1168 937 212
1169 937 950 463 932
1170 457 937 421 1146
1171 937 975 1146
1172 937 950 121
1173 937 950 121 41
1174 466 183 937 950
1175 1041 937 884 950
1176 39 937
1177 1137 914 294
1178 294 716 291 942
1179 294 139 652 202 818
1180 294 1083
1181 700 382 294 1081 277 676 1083 860
1182 962 1015 700 699 382 972 739 519 668 475 231 294 277
1183 962 1015 700 699 382 972 739 519 668 231 294 277
1184 819 700 603
1185 1041 67 12 741
1186 345 1041 722
1187 345 1041 722 961
1188 915 473 1041 736
1189 923 473
1190 112 1145
1191 1057 894
1192 894 474 971
1193 894 757 780
1194 121 650 894
1195 1146 457 809 83 421 336 794 768
1196 457 1146
1197 457 45 571
1198 819 476
1199 1012 950
1200 89 950
1201 382 804 404 475 166 828 97 950 372
1202 700 382 670
1203 624 670 271 961
1204 382 548
1205 382 548
1206 382 548
1207 1001 876 670
1208 142 67
1209 700 382 360 670
1210 908 223
1211 382 828 670 271
1212 911 121
1213 211 541 951
1214 883 344
1215 625 883
1216 345 883 722 1051
1217 577 158 883
1218 506 691 191 776
1219 72 0
1220 0 516
1221 121 818 1126 419 646
1222 333 845
1223 414 209 56 818
1224 2 121 818 490
1225 923 1142
1226 923 1142 597 505
1227 382 611 804 597
1228 923 1142
1229 923 473
1230 700 260
1231 344 932
1232 121 41 344
1233 345 898
1234 345 308 722 1051 18 86
1235 345 712 736 549
1236 345 700
1237 345 475
1238 461 712 915
1239 461 712 382 915
1240 712 503
1241 712 923 881
1242 752 172
1243 752 1011
1244 965 543
1245 991 1068
1246 991 1019 481 24 1068
1247 991 1068 760
1248 991 45
1249 792 621 906 991 618 571
1250 1012 991
1251 461 503 1085
1252 277 5
1253 277 238 5
1254 277 5
1255 404 277 900 939
1256 1012 277
1257 839 787 914 126 192 1140 99 1033
1258 839 319
1259 839 183
1260 839 1012 139 787
1261 839 629 958
1262 514 1057
1263 1057 558 1004
1264 151 1057 604
1265 217 453 48 594 160 149 429 598 296 1058
1266 819 713
1267 819 843 410 123
1268 54 1130
1269 382 1001
1270 700 382
1271 1035 503
1272 151 700 382
1273 541 1036
1274 1036 50
1275 271 961
1276 271 961 616
1277 271 961 616 783
1278 1116 271
1279 559 467
1280 508 647 746 1005 328
1281 508 647
1282 508 199
1283 508 328 647
1284 508 151
1285 508 1120
1286 508 746 1005
1287 736 549
1288 700 382
1289 1012 700
1290 1012 223 319 1059
1291 1012 319
1292 1012 223
1293 16 743
1294 414 911
1295 333 1146 216 316
1296 211 1146
1297 629 958
1298 757 50
1299 461 923 382
1300 202 731
1301 911 9
1302 663 607
1303 663 895
1304 1080 415
1305 2 911
1306 2 415 619 548 72
1307 2 911
1308 846 621 798
1309 1031 643
1310 333 845
1311 406 315
1312 734 720
1313 1012 734 732 464 720
1314 367 734 720 684
1315 734 367 1061 720
1316 1116 399
1317 802 256 863 339
1318 8 731
1319 906 1132 595
1320 1025 720 758 715
1321 923 485
1322 212 560
1323 970 474
1324 56 560 710
1325 671 212 35 560
1326 700 577 1006 158 121
1327 885 577
1328 700 382
1329 390 1138
1330 787 121
1331 100 516
1332 1025 364
1333 26 174 1094
1334 26 174
1335 1012 268
1336 1012 268 620
1337 208 895 969
1338 605 563 1134 480
1339 869 190 127 996
1340 869 190 996
1341 121 1011
1342 1012 466 600
1343 503 774
1344 1012 1000
1345 1095 255
1346 1012 706
1347 689 420
1348 101 518 302
1349 879 858 1118 190 996
1350 869 190 811 127 996 10 295 1118 80
1351 869 190 996
1352 819 564 968 883
1353 997 716
1354 856 1004
1355 316 844 544 1110 1020 186 888 206
1356 664 825
1357 753 361
1358 7 187
1359 968 374 1071 292 402
1360 571 444
1361 461 753 968 587
1362 67 446
1363 1015 96 27 413
1364 1106 290 765 520
1365 564 308 968
1366 839 564 308
1367 413 1041
1368 290 39 473 1142
1369 850 962 1015 96 819 812 168 290 27 1142
1370 850 101 151 345 1015 461 96 384 168 712 1012 700 382 626 27 804 230 53 413 597 475 166 300 1091 602 231 828 639 686 724 287 97 950 372 284 968 193 107 973 855 228 435 609 1077 124 354 219 992 722
1371 1015 700 382 227
1372 753 404 227
1373 1015 700 382
1374 1015 96 700 382 739 27 804 53
1375 109 886 687
1376 72 204 806 387
1377 717 411
1378 1103 830 394
1379 72 204 387
1380 996 601
1381 310 726
1382 310 726
1383 850 700 27 230 752 181 354
1384 564 899
1385 850 1015 461 168 753 27 804 915 413 937 564 856 968 1008 158 193 107 973 260 0 957 911 883 57 16 697 892 1004
1386 850 370
1387 27 404 592
1388 82 1141 362
1389 923 1067
1390 850 1015 382 626 27 804 360 475 1001 372 193 228
1391 897 1060 396 580
1392 682 30
1393 509 859 531 692
1394 1021 930 874 866
1395 971 799
1396 499 832 784 432
1397 491 1029 966 85 523 704 486 1066
1398 753 473 597 414 1041 364 260 0 104 441 899 303 688 361 31 922
1399 347 968
1400 415 1122
1401 96 968
1402 382 968 867
1403 850 168 413 564 968 883 415 124
1404 839 96 753 937 564 277 736 276 5 422 894 132
1405 1001 765
1406 968 753
1407 968 245
1408 968 1086
1409 461 472 753
1410 968 899
1411 753 54 910
1412 260 307 753 1047
1413 27 968 700
1414 753 1041
1415 968 883 951 793
1416 1012 277 96
1417 27 655 5 413
1418 226 700
1419 968 541 476 417
1420 719 962
1421 404 67
1422 212 560 489
1423 1142 753
1424 422 753 57
1425 923 1142
1426 27 804 133
1427 768 975 1146
1428 178 1138
1429 27 968 413 630
1430 1028 968
1431 564 294 159 96 303 422 947 1004 119 413 793 672
1432 421 83 1146 457
1433 968 652 139 1012
1434 597 1142 428 226 753
1435 27 968
1436 413 564 800 937
1437 597 753 521 535 803 968
1438 968 218
1439 984 753
1440 894 753
1441 839 850 564
1442 923 290 662
1443 76 603 16 957 753
1444 105 968
1445 27 382 425 413
1446 27 541 673 977
1447 968 1056 753
1448 391 260 428
1449 431 753
1450 915 753 798 597 27 428 871 144 473 96 1142 382
1451 27 882 67 97
1452 894 971 800 964
1453 27 181
1454 414 290
1455 973 294 702 168 977 700 928 1083
1456 968 1015 791 850
1457 664 825
1458 968 20 132
1459 463 27
1460 356 770
1461 97 968 417 977
1462 753 1012
1463 107 193 83 382 753 652 640 379 855 882 372 700 572 783 307 670 475
1464 753 54 916
1465 413 564
1466 246 958 968 485
1467 923 753
1468 753 54 245 932
1469 27 382 700 850
1470 968 20 132
1471 27 753
1472 1012 283
1473 968 20 132
1474 622 375 507 850 312 374 27 673
1475 27 461 413
1476 872 20
1477 27 850 712
1478 27 67
1479 382 475 325
1480 700 753
1481 280 856
1482 27 404 753 139
1483 968 414 485 753
1484 481 121 700 1024 41 564 303 787
1485 139 899
1486 753 522
1487 404 325 226
1488 923 1142 1041
1489 549 290
1490 968 50 449
1491 1035 139
1492 27 850
1493 850 1127 560 489 23 524 212
1494 205 621
1495 968 753
1496 27 290
1497 1142 377 753 977
1498 303 700 1142 753 513 139 245
1499 413 104 753 121
1500 721 700 1083
1501 968 413 850 1012
1502 27 968
1503 1039 739 668 1015 277 723 962 972 1008 294 406 382 699
1504 1035 908 1012
1505 968 319
1506 968 700
1507 27 155
1508 27 968
1509 290 1041
1510 673 850
1511 1015 928 1012 168
1512 162 899
1513 968 366
1514 564 67 672 294 968 27 96
1515 1015 1001
1516 290 753 218 977
1517 473 290
1518 649 968 308 928
1519 27 968 589 753
1520 1057 850
1521 521 597
1522 165 753
1523 27 968 1069 753
1524 27 968
1525 27 413 850
1526 753 702
1527 958 839 629 638 1031 319 342 1096 787 317 135 848 246 1061 96 814
1528 1124 209
1529 27 968 413
1530 27 968
1531 307 652 395 139
1532 753 688
1533 27 67
1534 27 413
1535 413 564
1536 766 76 16 883 78
1537 27 413 753
1538 404 382 475
1539 1012 611 475 27 1035 700 1015 96
1540 753 577
1541 700 977
1542 1057 1004
1543 1113 541 413 968 188 895 246 736 629
1544 347 753
1545 413 202
1546 968 511 413 564
1547 27 911
1548 413 968 1004 67 27 712
1549 524 977 245
1550 475 281 413
1551 968 1071 374 402 292
1552 27 382 475 700
1553 523 486 110 1029 1066 704 613 491
1554 968 307 753 168
1555 27 1099
1556 883 78 168 564 850 413 968
1557 212 973 574 489 168 560 27 850 700 382 1111
1558 946 926
1559 475 968
1560 1128 998
1561 290 753
1562 382 347 97 850
1563 894 753 218
1564 27 753 991
1565 753 850
1566 41 45
1567 793 932 564
1568 5 294
1569 670 1026 909 877 101 968 1129 14 146 261 850 1077 202 788 406 182
1570 1015 977
1571 382 198 974 602 349
1572 382 700
1573 753 218
1574 883 344
1575 753 850 712
1576 700 1024 303 139 371 567 803 1045
1577 850 1146 786 564 421 457 937 83 809
1578 753 977
1579 968 443
1580 27 121
1581 923 97 850
1582 27 700 672 977 245
1583 27 67 894 968
1584 382 700
1585 753 524
1586 27 413 564
1587 968 20
1588 472 252
1589 968 1001 564
1590 27 404 850
1591 850 382 977 495 804 652
1592 294 284 1131 702 139 5 1083 527 977 27 753
1593 968 932
1594 104 209
1595 27 23 9 977
1596 968 753
1597 968 793
1598 968 20 132 1105
1599 700 850
1600 132 1102
1601 413 968 475 382 96 753
1602 968 753
1603 842 1028 298 121
1604 968 753
1605 290 226
1606 968 856
1607 977 937 245 57 294 950 1047 702 235 899 928 634 564
1608 753 911
1609 382 828 1015
1610 382 968 867
1611 27 413
1612 382 923 597
1613 630 564
1614 382 828
1615 869 10 996
1616 422 45 571
1617 804 27 923 850 753 1001
1618 1028 968 50
1619 597 209 1023
1620 27 412
1621 846 913
1622 962 819
1623 414 689 753
1624 1015 850
1625 70 846
1626 107 335
1627 485 753
1628 521 894 753
1629 27 937
1630 67 850
1631 895 842
1632 1035 382
1633 923 290
1634 382 548
1635 899 911
1636 597 753
1637 915 1112 753
1638 27 1057 413 566
1639 693 11
1640 27 753
1641 991 937 950
1642 968 753
1643 27 1015
1644 756 365
1645 382 325 168
1646 20 132 445
1647 382 828 1001
1648 1057 413
1649 968 652
1650 1007 798
1651 753 910 1045
1652 753 899 672
1653 850 475 96 1057 611 977
1654 894 132
1655 723 382 699 700 231 277 668 972 406 962 1039 294
1656 968 374
1657 404 968 656
1658 968 656 753
1659 971 705
1660 1035 325
1661 412 968
1662 223 1012
1663 27 968 850 564
1664 1015 928 168 792
1665 20 132
1666 475 67 332 697
1667 753 1041 522
1668 968 489 753
1669 1094 677 599
1670 491 628 16 753
1671 404 382 962
1672 27 850
1673 968 1012 96
1674 382 700
1675 1015 700 962 168
1676 968 850
1677 473 923
1678 485 753
1679 968 511
1680 27 1057 413 899
1681 884 753
1682 20 132
1683 27 461 850
1684 67 168 700 1012 987 151
1685 27 850 564
1686 27 968 262 375
1687 382 67
1688 851 104 753 218
1689 27 804 16
1690 83 1146
1691 1025 71 753 1041 894 27
1692 842 688
1693 382 1142 753
1694 828 753
1695 724 193 1045 850
1696 850 564
1697 67 968
1698 27 894 413 899
1699 968 850
1700 1035 231 923 96 27 753 1015 1012 937 850
1701 27 850
1702 1015 235 1012 168
1703 521 968 753 688
1704 67 650
1705 968 951 688 564
1706 75 753 932
1707 382 1001 226 700
1708 968 673 951
1709 27 132 729 413
1710 846 290
1711 372 641 991 156 1007 345 753 918 999 850 457 550 533 414 977 398
1712 1142 1015 753
1713 1142 44 252
1714 894 413 850
1715 382 1015 908 482 294
1716 121 672 977
1717 842 67
1718 27 894
1719 27 850
1720 894 850
1721 894 968 558
1722 27 804 413 850
1723 1124 487 8 1041 688 835 753
1724 979 461 753
1725 968 621 245
1726 210 561
1727 753 1083 245
1728 521 968 753 688 564
1729 1012 277 57
1730 27 968 700 753
1731 404 382 475
1732 27 968 700
1733 428 733 753
1734 753 522
1735 188 50
1736 27 968 374 402 1029
1737 3 2 702 1012 27 793
1738 212 683
1739 968 950 850 72 521 27 564
1740 91 16 753 413 968 541 850 168 883 27
1741 1035 133 908
1742 850 27 374 968 125 307 666 181
1743 27 968 753 688
1744 404 382
1745 24 481 1019 760 1068
1746 968 176 883
1747 850 168
1748 89 753 168
1749 968 76
1750 977 76 968 189 104 753
1751 27 894 260 753
1752 27 968 753
1753 382 105 968
1754 753 139
1755 27 804
1756 132 492 727
1757 27 991 850 564
1758 846 290
1759 656 226
1760 12 968
1761 945 27 47 223 796 167 908 658
1762 473 923
1763 27 1035
1764 473 290 226 559 923 1142 928
1765 968 32
1766 971 799
1767 968 491 574 124
1768 260 899 564 245 850 968 1023
1769 559 987 521 68 805 597 142
1770 382 548
1771 968 374 568
1772 968 176 883
1773 27 413
1774 923 597 1142 290
1775 404 968 104 753
1776 968 700 753
1777 27 666
1778 27 475
1779 899 413 923 672 27 753
1780 27 753
1781 350 55
1782 1083 977
1783 850 168 812 382 476 700 1015 96
1784 20 132
1785 413 753
1786 27 524
1787 382 711 1001
1788 27 67 97
1789 971 413 17 800
1790 27 142 670
1791 27 226
1792 27 413
1793 968 20 132
1794 1142 801
1795 968 20 132
1796 1142 894 968 753
1797 968 883 481
1798 382 597 325
1799 923 597
1800 933 838 998 571 760 83 991 688 481
1801 773 45 571 1045
1802 27 382
1803 27 753
1804 475 345 1083
1805 880 71 96 670 27 823 521 67 1036 9 973 850 261 753 781 496 922 908 673 574 181 688 258 553
1806 700 475 977 804 597 753
1807 208 753 910 233
1808 27 413
1809 27 753
1810 165 104 753 54
1811 168 97 139 27 226 597 712 1015
1812 277 937 96
1813 413 850
1814 968 485 753
1815 67 89 700
1816 753 218
1817 894 753 1041 892
1818 521 307 753 524
1819 27 894 850
1820 968 700 753 245
1821 597 559
1822 27 968 155 574
1823 700 294
1824 27 968 1004 413
1825 753 793
1826 27 413
1827 891 753
1828 521 1075
1829 1035 223 5 1012
1830 1015 931
1831 27 1036 303
1832 413 753
1833 404 97 166 941 950 1008 382 372 804
1834 968 1084 564
1835 181 968 495 883
1836 923 232 414 209
