0 0 1 2
1 4 2 5 6
2 8 2 9 10
3 13 2
4 15 16 2 17 18 19
5 2
6 20 2 23 24
7 2 26
8 2 27 28
9 30
10 2 24 31 32 33 1
11 23
12 36
13 37 1
14 2 38
15 40 24 2
16 2
17 2 42
18 44 2
19 2
20 2 41
21 2
22 2 23 49 50
23 30
24 52 53 54 2
25 55 56 2 45
26 57
27 55 56 2 45
28 2 58 59
29 2 61
30 2 6
31 64 2
32 2
33 2 1 66
34 64 2 24
35 68
36 2
37 2
38 2 70 66 55
39 2 20 16
40 64 2 26 24 6 50
41 2 23 73
42 2 45 75
43 2 1
44 2
45 2 24
46 2
47 2
48 2 6
49 2
50 2 24 6
51 2
52 2 78
53 2
54 2
55 2
56 2
57 2 81 59 61
58 2 83 84 3
59 2
60 64
61 64 2
62 2
63 2 1 15
64 2
65 68
66 87 2 1 33 88 61
67 2
68 7 91 2 40 92 6 59 93 33 94 61
69 7 2 6 97
70 2 72
71 2
72 2 45 66
73 2 26 24 102 32 103 104 105 106
74 2 6
75 49 2 58 108 109 110 111 112 113 114 46 115 116 117 118 94
76 2
77 64 2
78 2
79 2 66
80 2
81 2 121
82 2 122
83 2 40 124 72
84 2 127 24 6
85 2 130 23
86 2 17 24 6 132 33 34
87 2
88 2
89 2
90 2 17 3
91 2 136
92 2 137 138 66
93 2 80
94 2
95 2
96 141 2 24 78
97 2
98 2
99 2 24
100 2 144
101 64 2 40 24
102 2
103 2 37 3
104 2 127 147 24
105 2
106 2 150
107 2
108 2 6
109 2 151 45 152 137 3
110 2 40 6 112 50 154 155
111 2
112 49 2
113 2
114 68
115 2 144 159 160 3 41 161
116 2 40 50 85 80 23 61
117 2 164 20 165
118 2
119 2 6 129
120 2 166 137
121 68 2 6
122 68
123 2 167 168 169 3 41
124 2 3
125 2
126 2 93 171
127 2 50 159
128 2 172 166 83 153 61 143
129 2 1
130 64 174 2 40 6 50 167 22
131 2 176
132 64 2 40 24
133 2
134 2 24 178 6
135 2
136 2 24
137 2
138 2 137 33
139 2 1
140 2
141 2
142 2
143 2
144 2 183 45
145 2
146 2 24 6
147 2 6 186
148 2 24 6
149 2 150 188
150 2
151 2
152 2
153 2 6
154 2
155 91 2 24 191
156 2 192
157 2 40
158 2
159 2
160 2
161 64 2 40
162 2
163 2 24
164 2 59
165 64 2 40 59 55 61 195
166 2 6
167 196 2 40 24 6 132 94 41
168 2 144 50 80
169 2 59
170 2
171 2 50
172 2 58 130 20
173 2 112 59
174 2 200 201
175 2
176 2 6 3 165
177 87 2 40 6 183
178 2
179 64 2 24 6
180 141 174 2 78
181 2
182 204 2 6 205
183 2
184 2 137
185 64 2
186 2
187 2
188 2 37 165
189 2 40 1
190 2 3 66
191 2
192 2
193 2
194 2
195 64 2
196 2 210
197 2
198 2 24
199 2 23 61
200 196
201 2 85
202 2 198
203 2 37 213
204 2 46 214 23
205 68 2
206 2 45
207 2 15 20 216
208 2
209 2 6
210 2
211 2
212 2
213 2
214 64 2 40 6
215 2 6 191 171
216 2
217 2 45
218 2 3
219 2 137
220 2
221 2 6 152
222 2
223 64 91 2 24 6 112 50 222
224 2 224
225 2 1 61
226 2 24 226
227 2
228 2
229 2 228
230 64 196 87 49 2 40 127 229 24 145 20 46 230 22 231
231 2 1 112 59 137 234 33 3 66
232 2
233 64 2 24
234 2 236
235 2
236 2
237 2
238 64 196 87 2 40 127 237 24 111 238 20 239 240 132 154 241 242 243 244 245 246 94 247
239 2
240 2 137 33
241 2
242 2
243 2 24
244 2
245 2 3
246 2 130 24 143
247 64 2 1
248 2
249 49 2 50
250 2 46
251 2 251 6
252 2 40
253 2 3 253
254 255 2 238 215 244 245 3
255 2
256 2
257 2
258 2
259 2 40 1 37
260 2
261 2 6 258
262 2 259 37
263 2
264 2
265 2 80
266 2
267 2
268 2 40 6 167 22 262 61
269 2
270 174 2 20 176
271 2
272 2
273 2 60
274 2
275 2 24
276 2 166 152 66
277 2 24 61
278 2 167
279 87 2 24 6 167 154
280 49 2
281 2 45 152 33
282 64
283 2 144 224 61
284 2
285 2
286 2 151 45 81 33 128 203
287 2 1
288 2
289 2
290 2
291 2
292 2 17
293 2 17
294 2 17
295 2 17
296 2 15 37
297 2
298 2
299 2 40 1 269 81 41 219 165
300 64 196 2 40 127
301 2
302 2
303 2
304 2 45
305 49 2
306 2
307 2
308 2
309 2
310 2 166 24 251
311 2
312 2
313 2
314 2 24
315 2 24
316 204 2 6
317 2 24 6 272 273 41
318 64 2 40 24
319 64 2 40
320 2
321 2
322 64 2 40 6 20 239 22
323 68 2 164
324 2 277
325 2 41
326 2
327 174
328 174 2
329 2 50 81 278
330 2
331 174 2 6 50 20 281 59
332 64 2 1 50
333 2 6
334 2 24
335 64 2 40
336 2
337 64 2 172 24 6 282 283
338 2 130 285
339 2 17 45 94
340 2
341 64 2 40 24 6 238 286 132 282 283 287 222
342 196 2 1 290
343 2
344 2
345 2
346 295
347 2
348 2 17
349 2
350 2 24 6 20
351 64 2 24
352 2
353 2 277
354 2 33
355 2
356 2 6
357 2
358 2
359 2 15
360 141 2 298
361 2
362 91 2 166 92 251 200
363 2
364 2
365 2
366 2
367 2 17
368 2 40 1
369 49 2 24 6
370 196 2 144 183
371 2
372 2
373 2 81 59 60
374 2
375 2
376 2
377 2 26 144 124 24 6 50 145 239 46 45 81 152 59 272 128
378 2
379 2
380 2
381 2 40
382 2 164 92 6
383 2
384 2
385 2 6
386 2 17
387 2 26
388 2 6
389 2 40 6
390 2 277 301 3 60
391 2
392 2
393 2 17 92
394 64 2 40 6 81
395 2
396 2 41
397 2
398 2 6 308 309
399 2
400 2
401 2 40
402 174 2
403 2 24 6 45
404 87
405 2
406 2 308
407 2
408 2 166
409 141 2 24 6
410 2 127 6 312
411 2
412 2 127 144
413 64 2 112
414 64 7 196 2 40 127 166 1 24 251 84
415 2
416 64 141 49 2 108 40 228 144 24 20
417 64 196 2 40 1 6 37
418 2
419 2 6
420 174 2 164 317 20 318 319
421 2 144 1 24 322
422 2 130 323 324 325 46 326
423 64 2 108
424 2 6 244
425 64 2 1 59
426 2 329
427 64 174 2 330 127 26 144 317 24 6 331 22
428 2
429 2
430 2 59
431 2
432 2
433 2 6 20
434 2 50 152
435 2 164 6
436 2
437 2
438 64 49 2 130 1 229 50 278
439 49
440 2
441 2
442 64 2 144
443 2 144 1 92 269 183 132 137
444 2
445 64 337 49 2 40 6 112 240 45 338
446 2
447 2
448 2
449 2 3
450 2
451 2 6
452 2 84
453 2
454 2
455 2 24 20
456 2
457 2 81 152
458 2 144
459 2
460 2
461 2 342
462 196 2 40
463 2
464 68 2 24
465 64
466 49
467 2 343
468 196 87
469 2 6
470 87 49 2 58 345
471 2 137
472 2 346
473 2 40
474 2
475 196 2 40
476 174 2 40 144 6 50 239 22
477 2
478 2 144 317 50
479 2 348 6 81
480 2
481 2
482 64 2 127 144 166 1 6
483 2
484 2 6
485 2
486 2 6 46
487 64 91 2 40
488 64
489 64 2
490 2 302 58 17 351 352 1 6 325 81 59 278
491 2 50
492 2 272
493 2
494 2 144 317 81
495 2
496 2
497 64 2 24 6 50 59
498 64 68 2
499 2 84
500 64 2 40
501 2 342 59
502 2
503 2
504 87 2
505 2
506 2
507 2
508 2
509 196 2 108 40 127 109
510 2
511 2
512 2 40 127
513 2
514 2
515 2
516 2
517 204 2 40
518 2
519 2
520 2 40 50
521 2 144
522 2 144 166 356
523 64 2 40 81 59
524 2 164
525 2
526 2
527 2 200
528 2
529 2
530 64
531 64 2 40
532 2 17
533 64 2 40
534 2
535 2
536 2 58 40 127 167 22
537 2
538 64
539 2 81
540 2
541 2 144
542 64 2 40 360
543 2
544 2 40 127 240
545 2
546 2
547 2
548 2 144
549 68
550 64 2 40 361
551 141 2 362
552 2 302
553 2
554 2 37
555 2
556 2
557 2
558 196 49 2 108 363 1 364 365
559 2 26 124 6
560 2 172
561 2 302 26
562 64 2 40
563 2
564 2 40
565 64 337 196 255 2 108 40 363 24 178 6 370 371 240
566 49 2
567 64 141 174 2 40 130 373 144 1 374 112 50 20 37 240 45
568 2
569 64 2 86 24 6
570 2 26 375
571 2
572 2 130 164 20
573 2 24 6
574 2
575 2 45
576 2
577 2 302
578 2 377 24 378 379
579 2
580 255 49 2 380
581 2
582 64 2 144
583 64 2
584 2 302
585 2
586 174
587 2
588 2
589 87
590 2 381 50 59
591 2
592 2 144
593 2
594 2 40 50
595 196 2 210
596 2
597 2 40
598 2
599 2 383
600 2
601 2 58
602 64 2
603 2 6
604 2 58 40 144
605 2
606 64 2 302 40
607 2 130
608 2
609 2
610 2 130
611 2
612 2
613 2
614 2
615 2 144
616 64
617 2 302 58
618 2
619 2
620 64 2 40 130 317 50
621 64
622 2
623 2
624 2 166
625 2
626 196 87
627 64 2
628 2 144 111
629 174 2
630 174 2
631 2
632 2
633 68
634 2
635 2
636 196
637 2 6
638 2
639 2
640 2
641 2
642 337 2
643 2
644 2
645 390
646 2
647 2 144 124
648 64 2 24
649 64 2
650 87
651 2 40
652 2 20
653 64
654 2
655 87
656 64 2 58
657 2 40
658 2
659 64
660 2
661 64 196 255 2
662 2
663 64
664 2
665 2 130 15
666 2
667 87 2
668 2
669 2
670 2
671 2
672 2
673 2
674 2
675 87
676 2
677 2
678 196 2
679 49
680 2 144 251
681 2
682 87 2
683 87
684 196
685 2
686 2
687 49 2
688 2 396
689 2
690 204 2 360 24
691 2
692 2
693 196 2
694 2 399
695 2
696 2
697 295 2
698 2 24 283 401
699 2 86
700 64 196 2 40
701 2 144
702 2
703 2 302 166 251
704 2 130
705 2
706 2
707 49 2
708 2
709 2 144
710 2
711 2 40 330 130
712 2 40
713 2
714 2
715 2
716 64 2 58 399 228 144
717 2
718 196
719 2 40
720 2 40
721 64 2
722 2
723 2 302
724 141 2 330
725 2
726 2 24
727 64
728 2 86 398
729 2
730 2
731 64 337 174 2 302 58 40 408 164 409 228
732 2
733 2 259
734 2
735 2
736 87
737 64
738 2
739 68
740 64 2 144
741 64 2
742 390
743 2 40
744 2
745 2
746 87
747 87
748 64 337 196 87 2
749 64
750 87
751 196 49 2 1
752 2 164 86 24
753 2
754 64 390
755 2
756 2
757 2
758 64 2 302
759 64 2
760 2
761 2 83
762 2
763 196
764 2
765 2
766 64 2
767 2
768 2
769 64 174 2 302 40 164
770 64 2 409 417 166 418 229 380
771 2 40
772 2 92
773 2 6
774 196
775 87
776 2 166
777 2 40 396 259
778 2 144 304
779 390 2 302
780 64 2 40 130
781 2
782 2
783 87 2
784 196 2 40
785 87
786 2 396
787 2
788 295 2
789 2 40
790 64 2
791 64
792 2
793 2 166
794 2
795 64 196 87 2 40 166 229 24
796 2
797 64
798 196 87
799 68
800 64
801 64 2 58
802 255
803 196 87 2
804 64
805 2 329
806 2
807 2
808 2
809 49
810 2
811 2
812 2
813 2
814 2
815 64 2
816 2
817 68
818 2 330
819 64 2 40 1
820 49
821 2
822 64
823 2
824 2
825 2
826 2 144 259 425
827 2
828 2
829 2
830 196 2
831 2
832 204
833 87 49
834 64 2 426
835 2
836 2
837 2
838 2
839 2
840 2
841 2
842 2
843 2
844 49
845 2
846 2
847 2 427 302 428
848 64
849 2 130
850 2 130
851 2
852 2 17
853 2
854 141
855 64
856 2
857 2 130
858 2 425
859 64 7 390 337 255 87 49 2 108 40 420
860 2
861 2
862 64
863 2
864 2
865 2
866 2
867 2
868 2
869 2
870 64 2 40 130
871 2 130
872 49
873 2
874 2
875 64 2
876 64 2
877 2
878 87
879 2 302 130
880 64
881 64 2
882 2
883 196 87
884 91 2 17 40 1 92 430 411 431
885 64 141 255
886 2
887 64
888 64 196 174 2 259
889 2
890 64
891 49
892 64
893 64
894 141
895 204
896 2
897 64 141 2 399
898 2
899 2
900 64 2
901 2
902 196 2
903 2
904 64 2
905 2
906 2
907 64 2
908 2
909 2 302
910 64 2
911 2 302
912 2
913 2
914 196 87 2
915 2
916 2
917 64 2
918 87
919 2 130
920 2 130
921 196 49 2
922 2
923 2
924 2 58
925 2
926 2
927 64 2
928 2
929 196 2
930 2
931 2
932 2
933 2 130
934 49
935 64 49 2
936 64 2 130
937 2
938 2
939 2 17
940 64 174
941 196 204 2
942 2
943 2
944 196
945 2
946 2
947 64 2 17
948 64 91 196 255 2 17 130
949 2
950 295 2
951 64 7 390 2
952 64 2
953 2
954 2
955 87
956 2
957 2
958 2
959 2 58 17
960 2
961 64
962 87
963 2
964 196 2
965 295 2
966 2
967 87 2
968 2
969 2 58
970 2
971 2
972 390
973 87
974 64 255 2 439
975 2
976 390
977 390
978 255
979 2
980 87
981 2 302 58
982 174
983 6 24 132
984 6 24
985 6 40 256 64 442 240 245
986 6
987 24 34 6 445 196 446
988 448 6
989 6
990 24 86 6
991 24 6 40
992 6 24 30 40
993 24 6
994 196 6 24
995 24 6 30
996 24
997 449 450 451 428 351 6
998 6
999 453 242 6
1000 145 20 41 454 33 1 455 166 456 55
1001 457 458 6 134
1002 459 6
1003 105 461 353 6
1004 105 462 24
1005 463 24 6 34 464 465
1006 463 6 24 34 464 465
1007 467
1008 24
1009 24 6 132
1010 64 337 40 130
1011 64 6 183
1012 24 6 132
1013 204 24 6 183 132 468
1014 24 6 132
1015 40 24
1016 24 6 30
1017 64 6 470 41 471
1018 6 474
1019 24 6 93 41
1020 6 476 132 477 478 78 479 441 474 480 481 482 483 484 485 486 487
1021 24 6 151
1022 229 6
1023 40 24 6
1024 40 6
1025 6 143
1026 127
1027 196 40
1028 255 24 6 132 245
1029 40 24
1030 6 184
1031 6
1032 6
1033 24 6
1034 6 41
1035 40 24 6 22 222 333 496 155 30 143 497
1036 64 6
1037 49 40 127 147
1038 40 24 6 305 30 129 143 76
1039 237 6 116 501 502 88 143
1040 6 191 495
1041 6
1042 24
1043 6
1044 64 40 6
1045 6
1046 196 6
1047 40 24 6 245
1048 40 6
1049 6 171
1050 24 6 171
1051 64 204 255 87 40 127 351 86 6 20 240 132 305 507 241 93 508 171 509 510 262 464 41 219 188 30 511 465 512
1052 6 495 90
1053 40 24 6
1054 6 518
1055 64 40 24
1056 87 49 40 166
1057 24
1058 6 60
1059 269 6
1060 251
1061 24 251 6
1062 6 59
1063 24
1064 24
1065 24
1066 363 324 24
1067 40 6
1068 7 24 6 238
1069 6
1070 6 30
1071 174 127 24 6 522 523 524 94 41 19 165 23
1072 166 251 6
1073 294 6 132 76
1074 40
1075 24 383 6 477 441 528 41
1076 64 40
1077 24
1078 6 20
1079 24 6
1080 24 6 41
1081 64 255 40 6
1082 439 6 238
1083 24 6 132
1084 49 24 6 305
1085 6 167
1086 6
1087 24
1088 40 24
1089 6
1090 24
1091 49 24
1092 196 6 532
1093 40 24 6 534
1094 24
1095 127 147 6 148
1096 6 171 219
1097 6 231
1098 6
1099 6 152 93 538
1100 24 6 171
1101 6
1102 24 6 171
1103 6 171
1104 24 6 171
1105 24 6 171
1106 24 6 171
1107 24 6 171
1108 24 6 171 219
1109 24 6 171
1110 24 6 171
1111 24 6 171
1112 24 6 171
1113 24 6 171
1114 6 171
1115 24 6 171
1116 64 40 6 132 283 41 284 274
1117 196 40 166 24 251 6 191
1118 6
1119 6 97 171
1120 24 6 93 474 542
1121 6
1122 64 68 127 317 6 543 221 176
1123 6
1124 6
1125 64 255 127 6 305 241 441 33 41
1126 40 24 6 167 244
1127 251 6
1128 64 255 40 127 6 476 240 305 245 441 41 480 547
1129 6 548
1130 40 6 222 288
1131 6
1132 6 93
1133 6 105
1134 40 24 6 46
1135 24
1136 6
1137 6
1138 6
1139 64 553 554 24 393 6 555 230 242 467 556 222 441 474 557 94
1140 64 561 6 395 562
1141 127 6 132 116 41 284 153 129
1142 64 24 6 240 160
1143 6
1144 6
1145 40
1146 40 24 6 305 244 528 41 274
1147 6 171
1148 1 24 6 145 132 305 278 566 137 567 33 568 569
1149 6
1150 86 24 6 132
1151 6
1152 40 147 24 6
1153 40 6 240
1154 6 573
1155 24 6 132 242
1156 6
1157 196 6 467
1158 6 22
1159 6
1160 6 171
1161 64 40 130 24 251 6 20
1162 91 87 24 6
1163 6
1164 24 6
1165 64 40 6 154
1166 24 251
1167 49
1168 6
1169 6
1170 439 166 251 6
1171 6
1172 127 147 24 6
1173 196 6
1174 64 40 124 6 20 239 22
1175 64 40 6 20 239 59 22
1176 6 410
1177 576 166 24 6 230
1178 24 6 230
1179 64 196 40
1180 6 222
1181 577 6 222 288 496
1182 351 6 137
1183 40 24 92
1184 64 87 40 24
1185 6
1186 64 40 24 6 20 283 543 41
1187 24 6 45
1188 6 238
1189 6 579
1190 108 6 22
1191 361
1192 6
1193 24 6 238 245
1194 6
1195 6
1196 6
1197 91 24 6
1198 64 24
1199 87 24 92 6
1200 6 154 582
1201 24 6
1202 6 93
1203 64 49 40
1204 15 6 18
1205 64 255 40 127 24 6 132
1206 196 6
1207 64 40 6 476 46 240 586 587
1208 49 6
1209 6 45
1210 6 46
1211 6 137
1212 589 590
1213 6 167 45 22
1214 40 109 24 6 154 244
1215 6
1216 255 6 339 222
1217 166
1218 40 109 147 24 6 312 339 591
1219 64 255 49 40 166 1 24 251 592 6 112 238
1220 6
1221 6
1222 6
1223 6
1224 24 6
1225 594
1226 64 196 255 108 40 109 6 238
1227 6 152
1228 24 6
1229 6
1230 6
1231 6
1232 24
1233 255 24 6 238
1234 6
1235 6 474 475
1236 64 91 589 127 6 238 378 132 282 283 116 596
1237 127 6 339 222
1238 64
1239 6
1240 40
1241 64 7 204 108 554 40 127 597 598 24 6 238 240 378 286 132 283 230 349
1242 6
1243 6 93
1244 49
1245 144 6
1246 108 40 6
1247 24 6 283
1248 24 6 283
1249 64 6 222
1250 6
1251 64 6
1252 6
1253 6
1254 6
1255 64 255 40 6
1256 196 87 40 6
1257 40 6
1258 590
1259 64
1260 6
1261 6
1262 6 46 45 222
1263 6
1264 49 108 1 6 238
1265 24
1266 6
1267 64
1268 6
1269 64 337 196 6
1270 6
1271 58 130
1272 64 6
1273 6 152
1274 6
1275 172 6 222
1276 6
1277 40 6 392
1278 6
1279 6 137
1280 6 152
1281 6
1282 196
1283 64 255 40 127 24
1284 7 6 305
1285 6 610
1286 196 87 6
1287 255 6 357
1288 204 396 6
1289 64
1290 64 255 6 541
1291 6
1292 166
1293 64 6
1294 64
1295 40
1296 6
1297 130 348 6
1298 127 6
1299 428 351 24 6
1300 255 6 238 305
1301 24 6
1302 295 294 24 6
1303 127
1304 91
1305 390 612 613 377 614 24 111 411 6 238 114 615 370 616 240 617 618 619 620 621
1306 64 6 230 154
1307 64 87 6 183 541 357 22 326
1308 6
1309 64
1310 64 141 196 174 108 40 127 147 6 281 117
1311 439 166 24 251 6
1312 49 348 166 6
1313 6
1314 64 348
1315 6
1316 64 6
1317 64 49
1318 64 6
1319 64 196 204 255 554 40 127 24 6 112 238
1320 255 626 6
1321 64 255 40 127 237 6 238
1322 628
1323 592 6
1324 64 255 87 40 127 6 421
1325 64 255 40 6 421
1326 408 6
1327 255
1328 6
1329 6 421 627 305
1330 64 255 87 40 127 24 6 421
1331 141 6
1332 64 255 24 6 238
1333 337 255 127
1334 141 255 40 127 15 6 238 132
1335 6
1336 6 421
1337 196
1338 108 40
1339 64 24 6
1340 6 631
1341 87 108 351 86 632 269 6
1342 64 24 6
1343 7 337 255 49 324 6
1344 64 141 255 40 127 6 238
1345 64
1346 6 551
1347 6
1348 426
1349 24
1350 64
1351 420
1352 255 634
1353 64 24
1354 420
1355 6
1356 302
1357 196 24 210 6
1358 40 24 240
1359 636
1360 40
1361 636
1362 487 24 49 241
1363 40 244 39
1364 244 38 40 39 638
1365 40
1366 52
1367 642 241 148 643
1368 40
1369 169 22 40 94
1370 188
1371 40
1372 40 241 148
1373 40 127
1374 40 493
1375 40
1376 40
1377 64 196 40
1378 40
1379 40 33 495 279 52 647
1380 40 127 147 24 240
1381 40 305 94 30
1382 40 312
1383 40
1384 40
1385 40
1386 40 127 652 241
1387 40 127
1388 40 127
1389 40
1390 40
1391 49
1392 40
1393 40
1394 40
1395 40 127
1396 49 40
1397 40
1398 40 24
1399 40 127 147 183 167
1400 40
1401 40 147 656
1402 40 127 171 564
1403 40 659 318
1404 40 241 148
1405 40
1406 40
1407 40 166 240 104 660
1408 40 127
1409 40
1410 40 241 206 76
1411 196 40 244 662
1412 40 229 183 154
1413 40
1414 40 564
1415 64 204 40 86 112 633 116
1416 40
1417 40 24 25 143
1418 64 40 440 665 240 666 222 667
1419 64 40 440 665 240 287 666 222 668 30
1420 40 127
1421 40
1422 64 40
1423 40 52
1424 40
1425 40 93
1426 40
1427 40 147
1428 196 87 40 237 672 673 366 674
1429 49 40
1430 40 127 92 678
1431 40
1432 196 439 40 24
1433 40 635 240 241
1434 64 40 440 166 24
1435 127
1436 40 1
1437 40 24 33
1438 40 127
1439 40
1440 40 127
1441 64 40 147 541 680 93
1442 49 40 33 143
1443 49 40 33 203
1444 40 166 24 240
1445 40 127
1446 40 127 39
1447 40 127
1448 40 93
1449 40 127
1450 196 87 40 127
1451 40 127 24
1452 40
1453 40
1454 64 49 40
1455 40 24
1456 64 196 40 167
1457 40
1458 40
1459 399 40
1460 196 40
1461 40 127 251 313
1462 40 127
1463 196 40
1464 40 613 127 111
1465 40 127 3 313
1466 40 127 147 137
1467 64
1468 40
1469 87 40
1470 49 40 127 172 24
1471 108 40
1472 390 255
1473 40 312
1474 40 127
1475 196 40 127 24
1476 40 127 172
1477 64 255 40 688
1478 49 108 40 229
1479 196 40 210 432 690
1480 196
1481 196 49 40 127 147 24 692
1482 40 183 240 167 283
1483 40 594 112 633 631 694 695 696 697 698
1484 40 363
1485 64 196 40 701
1486 40
1487 64 40
1488 64 337 255 49 40
1489 40
1490 64 40
1491 40
1492 196 40 656
1493 64 337 174 49 108 40 551 230
1494 40 24 656 117
1495 40
1496 64 196 40 127 166 251 704 406
1497 40 706 116
1498 40 383 45
1499 40 127 656 596
1500 40
1501 49 40
1502 64 204 612 40 440 417 594 598 707 24 708 709 112 665 240 631 710 617 286 627 282 711 621
1503 40
1504 196 87 40
1505 64 40 712 158
1506 196 40
1507 40
1508 40 109
1509 196 40 127
1510 40
1511 40 127 312
1512 64 40
1513 40
1514 40
1515 108
1516 64
1517 196 87 49 40
1518 40
1519 64 108
1520 40 111
1521 40
1522 40 370 240
1523 40
1524 40 127 704
1525 87 49 108 40 348 109 713
1526 40 127 704
1527 108 40 111
1528 64 58 108
1529 64 337
1530 64 439 40 714 127
1531 40
1532 49 40 109 476
1533 196 40 704
1534 64 40
1535 64 174 49 108 40 127 109
1536 174 87 40 715 716
1537 40
1538 196 717 40
1539 40 229 251
1540 40
1541 64 337 40 127
1542 40
1543 64 7 255 40
1544 49
1545 40
1546 40 127
1547 64 40 613 24
1548 64 108 40 613
1549 196 87 40
1550 64 7 17 40
1551 40
1552 87
1553 64 196 87
1554 64 40 613 109 111
1555 64 49 108 40
1556 196
1557 64 196 255 87 49 108 40 363
1558 64 40 109
1559 64
1560 40
1561 337 40
1562 40
1563 337
1564 40 614 411
1565 337 108
1566 40
1567 64 337 40
1568 64 196 204 49 108
1569 49
1570 64 196
1571 196 87 40
1572 64 40
1573 64 40
1574 64 337 196 255
1575 64 58 40 130 317
1576 64 196 40 127
1577 40
1578 64 40 613 109
1579 196 40
1580 64 40 440 594 707 24 718 112
1581 40
1582 302
1583 64 196
1584 64 337
1585 64 40
1586 196 108
1587 40
1588 40
1589 64
1590 337 196 255 87 719 40 613 720 352
1591 40 613
1592 64
1593 196
1594 40 637
1595 196
1596 40 613
1597 196 108 40
1598 64 196 40
1599 64 68 337 196 255 87 721 40
1600 64 337 196 40
1601 64
1602 64 58 40
1603 64 337 196 40 127
1604 64 255
1605 112 64 24
1606 64 24 143 112 92 653 698 722
1607 64
1608 64 191
1609 64 49 285 277
1610 64 127
1611 64 30
1612 64 46
1613 64 24
1614 64
1615 64 204 1 24
1616 64
1617 64 49
1618 64
1619 64 108 24 115 33
1620 64
1621 64
1622 64 24
1623 64
1624 64
1625 64 1 33 94
1626 64
1627 64
1628 64 440 24 112
1629 64
1630 64 24 112 116
1631 64 196
1632 64 196
1633 64 196
1634 64
1635 64
1636 64 91
1637 64
1638 64 408 164 50
1639 64
1640 64
1641 64
1642 64 166 24
1643 64
1644 64
1645 64 127
1646 64 440 417 110 709 730 112
1647 64 109
1648 64 440 172
1649 64
1650 64
1651 64 127
1652 64 24 282 283
1653 64
1654 64
1655 64
1656 64 704
1657 64 704
1658 64
1659 64 337 49 108
1660 64
1661 64 141 108 92
1662 64
1663 64
1664 64
1665 64
1666 64 196 108
1667 64 302
1668 64
1669 64 58
1670 64
1671 64
1672 64 732
1673 64 337
1674 64 418
1675 64 141
1676 64
1677 64 174
1678 64
1679 64
1680 64
1681 64 734
1682 64 174
1683 64
1684 64 255
1685 64 141
1686 64 255
1687 64
1688 64
1689 64 736 109 418
1690 64 337 196 127
1691 64 337 196 255 87 49 108
1692 64
1693 64 141 302 108 408
1694 64 255
1695 64 255 302 438
1696 64 337 255 108
1697 64 337
1698 64 612 739
1699 64 196 255 49
1700 64
1701 64
1702 64
1703 64 141 196
1704 64 196
1705 53
1706 38 39 740 24
1707 449
1708 741 742 743 313 744 142 127 745 24 746 747 748 749
1709 49 24 110 137
1710 24 33 9 1 317
1711 24 143
1712 24 132
1713 24
1714 24
1715 24 756
1716 24 251 132
1717 24
1718 124
1719 24
1720 24 143 76
1721 24
1722 24 178 132 320
1723 757 24 191 41
1724 49 24 534
1725 24
1726 24 251 15 171 538
1727 24 171 538
1728 24
1729 24 41 274
1730 24 41
1731 24
1732 196 24
1733 24 72 760
1734 24 132 579 762
1735 24 241 763 764
1736 24
1737 24 171
1738 24 171
1739 24 137
1740 24 137
1741 24 171
1742 24 137
1743 24
1744 24 171
1745 24
1746 24
1747 196 24
1748 196 127 1 24 312 656 278 33 128 765 678 39
1749 87
1750 24
1751 24 33
1752 24
1753 24
1754 196
1755 363
1756 166 24
1757 24
1758 24
1759 24
1760 24 84 333 401
1761 24
1762 24
1763 594
1764 196
1765 24
1766 24
1767 360 24 286 379 132
1768 24
1769 24
1770 91 172 772 24
1771 24
1772 127 24 773
1773 24 394
1774 24
1775 172 24 618 379
1776 302
1777 24
1778 24 775
1779 196 24 210
1780 127 172
1781 302 24
1782 237
1783 24
1784 127
1785 24
1786 594
1787 196 75
1788 295 196 87 10
1789 196 779 291 780
1790 196 779 291 231
1791 118 782 196
1792 196
1793 196 87 237
1794 196
1795 196 562 154
1796 196 562
1797 196
1798 196
1799 295 196 87 784 293 785 12 786
1800 196 237 366 233
1801 196 87
1802 91 295 196 87 294 414 231 790 10 778 781 791 785 12 792 793
1803 295
1804 196
1805 196 210 797 798
1806 196
1807 196
1808 196 210 432 291
1809 196 333 538 495
1810 196 773
1811 196
1812 390 196 127 591
1813 196 137
1814 196 1 238 145 278
1815 196
1816 91 196
1817 196 210
1818 196
1819 196
1820 196
1821 196 624
1822 196
1823 196
1824 196 251
1825 196 719 210
1826 196 87
1827 196
1828 295 196 87 294
1829 196
1830 196 49 1 45
1831 196 87
1832 196 237 15 803
1833 196
1834 196 87 719 166 92 54 37
1835 196 1 145
1836 196
1837 196 87 251
1838 196
1839 196 87
1840 196 92
1841 196
1842 196
1843 196
1844 196 87
1845 196 395
1846 196 87
1847 196 87
1848 196 87
1849 196
1850 196 87
1851 196 255 634
1852 196 719 237 54
1853 196 87 363 1 92
1854 196 719 237 54
1855 196
1856 196 87
1857 196 87
1858 196
1859 196 1 251
1860 196 637
1861 196 87 719
1862 196
1863 196
1864 196 576
1865 196
1866 196 87
1867 196
1868 196 172
1869 196 255
1870 196
1871 196 87 719
1872 196
1873 196 58 127
1874 196 439
1875 196
1876 91 196 87 166
1877 196
1878 196
1879 196
1880 196 87 719
1881 196 87
1882 196
1883 196
1884 196
1885 196
1886 196
1887 196 704 382
1888 196 87
1889 196 439
1890 196
1891 196
1892 196
1893 196
1894 442
1895 55
1896 442
1897 171
1898 171
1899 171
1900 171
1901 171 219
1902 171 814
1903 171
1904 251 171 299 816
1905 191 817 171 538 313 219 818 819
1906 171
1907 171 219
1908 171
1909 171
1910 164 20 171
1911 171 219
1912 171
1913 823
1914 113 501
1915 171
1916 171
1917 171
1918 171
1919 137 171
1920 171 219
1921 171 219
1922 137 171
1923 171
1924 171
1925 171
1926 171
1927 171
1928 171
1929 171
1930 594
1931 171
1932 171
1933 137 171
1934 171 219
1935 171
1936 171
1937 171
1938 171
1939 171
1940 171
1941 171
1942 171
1943 171
1944 171
1945 171
1946 171
1947 171
1948 137 171
1949 171
1950 171
1951 171
1952 171
1953 171
1954 171
1955 171
1956 171
1957 171
1958 137 171
1959 171
1960 171
1961 171
1962 171
1963 137 171
1964 171
1965 171
1966 171
1967 171
1968 171
1969 137
1970 137 171
1971 171
1972 594
1973 171
1974 171
1975 594 171
1976 594 171
1977 171
1978 137
1979 171
1980 171
1981 171
1982 137
1983 171
1984 171
1985 137
1986 392
1987 171
1988 171
1989 171
1990 20 171
1991 171 219
1992 825
1993 825
1994 171
1995 171
1996 577 171
1997 171
1998 171
1999 171
2000 171
2001 171
2002 171 828
2003 171
2004 171 538
2005 171
2006 171
2007 171
2008 171
2009 171
2010 171
2011 171
2012 171
2013 171
2014 171
2015 171
2016 171
2017 251
2018 171
2019 171 829
2020 127 171 568
2021 285 171
2022 171
2023 171
2024 171
2025 171
2026 171
2027 171 219
2028 171
2029 831 171 538
2030 171
2031 137
2032 171
2033 171
2034 171
2035 171
2036 171
2037 171
2038 171
2039 832 833
2040 137
2041 86 137
2042 171
2043 137 171
2044 351 451 86
2045 305
2046 137
2047 127
2048 119
2049 127 148
2050 127 652 148
2051 127
2052 127
2053 127
2054 390 127 147 22 591 247
2055 127
2056 127
2057 127 144
2058 127
2059 127 117 39
2060 127
2061 127 568
2062 127
2063 127
2064 127
2065 127 147
2066 127 148
2067 127 148
2068 127
2069 127
2070 127
2071 127 147
2072 127
2073 127
2074 127
2075 127
2076 127
2077 127
2078 127 656
2079 58
2080 127
2081 87
2082 127
2083 127
2084 127
2085 127
2086 127
2087 141
2088 141
2089 838 353 839 188 594 166 840 581 841 842 538
2090 166 823 219 845
2091 317
2092 41
2093 219
2094 137
2095 41
2096 848
2097 302
2098 302
2099 302 26
2100 87
2101 427
2102 302
2103 302
2104 302
2105 302
2106 427
2107 302 849
2108 302 597 437
2109 302 597 437 706
2110 302 58
2111 302 144
2112 302 597
2113 302
2114 302
2115 141
2116 255 49 324 325
2117 255
2118 255
2119 255 108
2120 337 255
2121 255 634 419 54
2122 337 255 49
2123 255
2124 255
2125 7 337
2126 255
2127 854 255 855 419
2128 255
2129 255 634
2130 255
2131 7
2132 255 49 108 363
2133 255
2134 91 295 255 87 294 757
2135 255
2136 255 49 108 613 109
2137 255
2138 255
2139 553 337 255 49 108
2140 137
2141 351 290 137
2142 137
2143 45 137
2144 351
2145 137
2146 97 137 94 279
2147 137
2148 137
2149 137
2150 757
2151 594
2152 137
2153 861 137
2154 594
2155 351 137
2156 137
2157 351 137
2158 137
2159 862
2160 383 45 152
2161 154
2162 241
2163 154
2164 49 46
2165 41
2166 144 22 41
2167 41
2168 68 41 143
2169 86 151 633 290 160 128 41 153
2170 132 276
2171 20
2172 866
2173 41
2174 93 316 41
2175 132
2176 41
2177 600
2178 172 214
2179 172
2180 172 618
2181 172
2182 172
2183 172
2184 87
2185 87
2186 172
2187 172
2188 172
2189 172
2190 7 172
2191 854
2192 172
2193 172
2194 7 172
2195 734
2196 734
2197 734 172
2198 109
2199 172 383
2200 172
2201 87 172
2202 172
2203 734
2204 734
2205 734
2206 637
2207 172
2208 91
2209 594
2210 104 876 441 877 878 879 880 881 882
2211 166 885 883 886 887 641 888
2212 188 67 594 166 699 891
2213 166 392
2214 166 251 590 143
2215 594 166 699 188
2216 166 845 188
2217 166
2218 166
2219 166
2220 166 251 45
2221 166 251 45 152
2222 166
2223 166
2224 166
2225 166
2226 896 577 166 251
2227 144 166 124 251
2228 166
2229 166
2230 420 166
2231 166
2232 166
2233 896
2234 897 898 1
2235 1 303 900 747
2236 1 92 118 467 33
2237 1 145
2238 1
2239 49 108 1 400 210 380 145 365
2240 7 337 49 717 108 439 721 720 904 109 352 1 210
2241 7 337 49 717 108 439 721 720 904 352 1 210
2242 204 49 377
2243 144
2244 144 154 301 908
2245 68 144 215
2246 68 144 215 911
2247 144
2248 58
2249 330 408 144 15
2250 58 408
2251 913 217
2252 147 22
2253 22 493 148
2254 46
2255 22
2256 22 214 915
2257 46
2258 45 624 22
2259 188 594 916 67 699 917 918 895
2260 594 188
2261 594 269 633
2262 594
2263 594
2264 594
2265 594
2266 594
2267 377
2268 594
2269 594
2270 594
2271 594
2272 594
2273 295
2274 594
2275 594
2276 594
2277 204 589
2278 594
2279 68
2280 87 251
2281 237
2282 928 251
2283 87
2284 108 613 348 109 417 713 229 251 111
2285 49 108 94
2286 333 94 60 911
2287 154
2288 108 932
2289 108 932
2290 108 932
2291 154
2292 363 933 94
2293 318 154
2294 49 108 934 94
2295 237 366
2296 152
2297 154
2298 108 713 94 60
2299 167 45
2300 154
2301 132
2302 353 305 34
2303 132
2304 132 129
2305 936 132
2306 68
2307 68 132 215 910
2308 324 325 132
2309 45
2310 30
2311 39
2312 30
2313 30
2314 30
2315 97
2316 590
2317 30 938 939 223
2318 70 20
2319 20
2320 20
2321 20 176
2322 20
2323 87
2324 237
2325 87
2326 237
2327 237
2328 237
2329 719
2330 7
2331 45 33 942 31 943
2332 33
2333 191 945
2334 26 84 343 33
2335 183 45 33 946
2336 164
2337 58 130
2338 58 130 164 292
2339 164
2340 434
2341 108 714 613 164
2342 58 130
2343 58 408
2344 49 50
2345 129 143
2346 45 152 129
2347 45
2348 16
2349 45
2350 59
2351 124
2352 68 949
2353 68
2354 68 951 215 910 937 865
2355 68 174 15 18
2356 68 49
2357 68 109
2358 174
2359 141 174 330
2360 141 174 108 330
2361 174 736
2362 174 58 734
2363 174
2364 46 830
2365 46 279
2366 87
2367 46
2368 46
2369 420
2370 953 954
2371 86 116
2372 86 955 151 956 116
2373 86 116 153
2374 204
2375 86 269
2376 87
2377 958 351 757 86 959 633
2378 86
2379 87
2380 58
2381 87 86
2382 141 736 960
2383 390
2384 961
2385 210 432
2386 210 37 432
2387 210 432
2388 210
2389 348 210 357 685
2390 210
2391 87
2392 87 210
2393 191
2394 91 414 898 963 964 965 966 967
2395 91
2396 91 231
2397 91 577
2398 91 87 92 414
2399 91 295 294
2400 91
2401 91
2402 91
2403 646 147
2404 147 652 656
2405 390 147 591
2406 147
2407 815
2408 972 93 973 974 975 976 354 977 978 979
2409 145
2410 204
2411 108
2412 393
2413 204 982
2414 204 983 984 836
2415 61 986
2416 363
2417 736
2418 108 363
2419 49 108
2420 736
2421 719 736
2422 736
2423 49
2424 348
2425 390 49 108
2426 241
2427 305 241
2428 241 495
2429 241
2430 990
2431 60 911
2432 60
2433 60 911 992
2434 60 911 992 120
2435 276 60
2436 276
2437 317 994
2438 45
2439 105 462 106 995 461
2440 105 462
2441 105
2442 105 999
2443 105
2444 105
2445 105 461 462
2446 105 390
2447 105 304
2448 105 106 995
2449 105
2450 15 18
2451 15
2452 15
2453 15
2454 58
2455 736
2456 87
2457 390
2458 390
2459 390
2460 1004
2461 152
2462 152
2463 49 108
2464 87 49
2465 58
2466 736
2467 231
2468 87 366 231 826
2469 87 231
2470 231
2471 366
2472 87 366
2473 708
2474 283 388
2475 26 167
2476 26
2477 26
2478 191 188 1008 1009
2479 353 188
2480 153
2481 188
2482 23
2483 244
2484 244
2485 39
2486 590
2487 295
2488 295 294
2489 214 495
2490 214
2491 141 58 108
2492 467 538
2493 244
2494 167 244
2495 563
2496 244
2497 277 256
2498 277 262
2499 693 541
2500 183 167
2501 183 541 1014 932 70
2502 183 167
2503 351
2504 420
2505 428 351 451
2506 167
2507 167
2508 158
2509 87
2510 439
2511 781 211
2512 87
2513 191 945
2514 191
2515 191
2516 191
2517 393
2518 393
2519 393 775
2520 109
2521 1019
2522 637
2523 736
2524 10 12
2525 1021
2526 87 10 1022 1023 12
2527 778 10 12 1024
2528 10
2529 10
2530 10 778 791 12
2531 10
2532 1029
2533 276 1030
2534 1031 839 1032 784
2535 160 538
2536 353
2537 116
2538 757 825 857
2539 757
2540 228 12 72 1036
2541 846
2542 84
2543 84
2544 84
2545 84
2546 84
2547 84
2548 84
2549 852
2550 58 3
2551 392 703
2552 291 493
2553 806
2554 779
2555 291
2556 343 703 369
2557 343
2558 343
2559 343
2560 1040 392 1041 703
2561 853
2562 49 324 345 325 45
2563 811 324
2564 324
2565 736
2566 324
2567 49 108
2568 760
2569 815 760
2570 760
2571 45
2572 414 45
2573 736
2574 455
2575 453
2576 455
2577 1045 176
2578 176
2579 1047
2580 441
2581 441
2582 713
2583 228 285
2584 285
2585 285
2586 577
2587 409
2588 736
2589 453
2590 564
2591 1018 1052 1053
2592 1018 1052
2593 269
2594 88
2595 88
2596 87 88
2597 87 88 504
2598 55 262 56
2599 652
2600 652
2601 259
2602 259
2603 758 882 1057 1058
2604 572
2605 78
2606 158
2607 815
2608 1062
2609 1005
2610 1005
2611 1005
2612 345
2613 1065 1066 969 1067
2614 1065 1066 1067
2615 45 279
2616 87 896 299
2617 316
2618 736
2619 426
2620 685
2621 736 1069
2622 87 1070
2623 73
2624 535 443
2625 87
2626 87 233
2627 846
2628 836
2629 247
2630 581
2631 1073
2632 410
2633 269
2634 87
2635 736
2636 375 1075
2637 1077
2638 553 1078 1079
2639 553
2640 553
2641 442
2642 1082 1083 1084 1066 1067
2643 1065 1066 1087 969 1067 1088 1089 1084 1090
2644 1065 1066 1067
2645 1095
2646 942
2647 942
2648 942
2649 587
2650 204 24 6 132
2651 610
2652 586
2653 365
2654 956
2655 825
2656 1099
2657 1101
2658 1081
2659 1102
2660 487
2661 1104
2662 87
2663 1105 303
2664 656
2665 704 656
2666 320
2667 1108
2668 1109
2669 1110
2670 1009 1111 1112 1113 1114 1115 1116 1117
2671 1120
2672 643
2673 133
2674 1122
2675 1122
2676 485
2677 87
2678 214
2679 559
2680 1125
2681 1126 1125
2682 2 16
2683 543
2684 1128 1129
2685 1131
2686 1131
2687 1131
2688 6 222 1134 1135 496
2689 860
2690 1009
2691 633 328
2692 273
2693 141 2 6 273
2694 154 582
2695 49
2696 633
2697 923
2698 412
2699 335
2700 337 196 40 127
2701 427 302 849 850
2702 423
2703 736
2704 24 951 6
2705 91 24 951
2706 127 144
2707 302 420 408 130
2708 64 7 337 196 204 854 255 302 40 130
2709 64 553 390 68 337 141 196 612 255 174 87 49 108 1146 40 613 440 715 127 164 109 417 1147 561 738 352 713 614 634 418 707 229 251 111 411 6 112 113 238 114 370 689 620 555 230 287 1148 666 215
2710 337 49 108 1150
2711 2 348 1150
2712 337 49 108
2713 337 196 49 108 721 40 613 715
2714 65
2715 1152
2716 1152
2717 1154 1155 1156
2718 70 1158 1159 1160
2719 1067
2720 986
2721 1163 1164
2722 1165 1104 1166
2723 1168
2724 1078
2725 70 1158 1160
2726 1171
2727 1173
2728 1067 1175
2729 1177 1178
2730 1177 1178
2731 1180
2732 560
2733 167
2734 167
2735 1102
2736 1184
2737 200
2738 1074
2739 64 49 40 440 46 240 287
2740 24 137
2741 24
2742 64 337 141 255 2 40 613 330 127 166 24 704 6 54 325 112 113 238 50 20 378 167 132 382 283 551 296 656
2743 64 728
2744 902
2745 40 348 680
2746 238
2747 929
2748 862
2749 87
2750 1187 1188 1189
2751 430
2752 58
2753 58 1192
2754 2
2755 2
2756 108
2757 64 337 108 1146 40 613 934 109 363 111 112 370
2758 1194
2759 1196 1197 1198 1199
2760 1201 1202
2761 1204
2762 1206
2763 1208
2764 1210 1211 1212 1213
2765 1215
2766 159
2767 1218
2768 1220
2769 1222 1223 1224 1225
2770 148 1228
2771 1229 1230 1231 1232
2772 97
2773 1235
2774 401 288 1237 1238 1239 1240 1241 1242
2775 1245
2776 1247
2777 2 408 164 26 144 285 50 20 81 523 137 128 41 16 274 165
2778 49
2779 396 6
2780 541 207
2781 196 6
2782 1255
2783 1256
2784 108 6 1258
2785 196
2786 22
2787 64 255 127 24 6 132 541 230
2788 6
2789 862
2790 1264
2791 91 196 2 166 24 210 15 1265 432 278 22 171
2792 363 849
2793 87
2794 1269
2795 1271
2796 130
2797 40
2798 358
2799 278
2800 6 2
2801 683
2802 86
2803 1274
2804 6 1275
2805 49
2806 6 1276
2807 392
2808 6
2809 108
2810 40
2811 109
2812 141 78 2
2813 6 137
2814 414
2815 428
2816 2 61 66
2817 50 1278 2 1279
2818 40 6 49
2819 40
2820 2 144
2821 109
2822 6 132 34 76
2823 145
2824 87 210 196
2825 154
2826 40 312 432 127
2827 399 49
2828 6 305 589 585
2829 130
2830 1280 7
2831 348 154
2832 622
2833 392 703 1281
2834 580
2835 2
2836 228
2837 389
2838 130 2
2839 40
2840 278 2 382
2841 58 130
2842 108
2843 2
2844 6
2845 6
2846 40 613 419
2847 362
2848 895 845 188
2849 2
2850 761 760
2851 40 6 127 570
2852 348
2853 521
2854 90 6
2855 24 1 513 196 128 278 766 656 765 127 76 1283
2856 40
2857 145
2858 132
2859 699 67 188 594
2860 6
2861 733
2862 348
2863 6 118 92 87
2864 164 130 1284 399 2
2865 40 6
2866 127 24 1285 166
2867 714
2868 317
2869 73
2870 164 2 1286 275 316 6
2871 219
2872 109
2873 244
2874 6 59
2875 193 2
2876 127
2877 321
2878 130
2879 22 2
2880 91 64 24
2881 58 302 314
2882 379 377 283 378 2
2883 108
2884 343
2885 1287 6
2886 40 108 1289 127
2887 40 305 1282 1273
2888 420
2889 857
2890 6 1291 2
2891 342 50 1284
2892 596
2893 629 2
2894 330 2 451 164 40 1284 1292 1293 408 196 130 108
2895 1273
2896 1273
2897 58
2898 40 117 154 229
2899 22 148 1285 914
2900 171
2901 40
2902 523
2903 40 240
2904 503
2905 26 302
2906 238 1 1294 255 1273 49 1277 145
2907 200
2908 164
2909 6 337 1295 64
2910 1126 1125
2911 171
2912 6 219 171
2913 590 40
2914 389
2915 123 122
2916 229 6 585 1273
2917 428
2918 24
2919 2 87
2920 2
2921 113 112 67 108 2 118 110 119 114 117 111 49 115 120 1278 94 109
2922 435
2923 147
2924 2
2925 108
2926 40
2927 2 61 80
2928 127 24
2929 40
2930 1297 294 6 3
2931 58 2
2932 2 61 1275 143
2933 40 108 49 64
2934 58
2935 40
2936 6 219 171
2937 40 2
2938 87 809
2939 86
2940 6 219 171
2941 6
2942 667 665 668 64 635 222 40 1282
2943 1290
2944 40 141 127
2945 1298 219
2946 1270
2947 40 64 174
2948 40 154
2949 108 109 858
2950 49 2
2951 687 704
2952 237
2953 45
2954 2
2955 437
2956 164
2957 6
2958 704
2959 130
2960 40 348 2 92
2961 6 26 3 2
2962 151 45 49 987 152 24 128 414
2963 92
2964 92 137
2965 152
2966 622
2967 219
2968 2 17
2969 348 858 399
2970 58 130 144
2971 2
2972 18 302
2973 130
2974 6 495 823
2975 6
2976 87
2977 118
2978 719 92
2979 40 64
2980 517
2981 166
2982 64 1299 703 1281 1300 234 392
2983 219
2984 336 351
2985 219
2986 127
2987 2
2988 108
2989 45
2990 2
2991 6 2
2992 40 302
2993 6
2994 130 1302 2 1273
2995 219
2996 128 49 130 2 135 92 1275
2997 127 81 2 45
2998 22
2999 356 49 145
3000 6 127 64 87
3001 40 6
3002 905 721 904 337 210 906 7 439 54 1 393 108 717
3003 40
3004 719 237 87
3005 6 231
3006 6 49
3007 40 506
3008 40 6
3009 305
3010 904
3011 16
3012 6
3013 643
3014 154
3015 241
3016 2
3017 302 144
3018 1282 64
3019 141
3020 147
3021 428
3022 219
3023 40
3024 337 1277 87 255
3025 861 137
3026 6 77
3027 24 154 1283 1 6 40 196
3028 45
3029 229
3030 862
3031 337 363
3032 219
3033 1304
3034 6
3035 428
3036 2
3037 302 2 59 1273
3038 408 302
3039 603 6 951 1277
3040 346
3041 40 6 1305 2
3042 147 64
3043 1286 164
3044 82 2
3045 1306
3046 40 6 306 2
3047 40 6
3048 58
3049 1278
3050 6
3051 40 127 64
3052 2
3053 130
3054 127
3055 2 1294
3056 6
3057 2
3058 302
3059 6
3060 294 91 295 794 781 231 1307 793 414 786 792 785 1297 791 196 795
3061 161 84
3062 40 6 127
3063 40 6
3064 1278 118 806 92
3065 108
3066 2 41
3067 40 154
3068 40 127
3069 49
3070 127 24
3071 87
3072 172
3073 2
3074 1309
3075 171
3076 6
3077 384
3078 656
3079 84
3080 6
3081 2
3082 58
3083 40
3084 360 379 283 132 349
3085 219
3086 1274
3087 40 127 2
3088 40
3089 348 108 109
3090 6
3091 40
3092 87 714 109 40 719 49 337 196
3093 109
3094 2 324
3095 330
3096 49 1273
3097 2
3098 147 656
3099 40
3100 572 305 127 6 1304 262 1297 15 295
3101 396 2
3102 1311
3103 241
3104 40
3105 2
3106 849
3107 6
3108 127 467
3109 6 568 127 24
3110 1274
3111 40 167
3112 49
3113 127 6 656 154 40 174
3114 285
3115 234 1273 1275
3116 219
3117 6
3118 2
3119 637
3120 9
3121 6
3122 171
3123 109 622 127
3124 6
3125 6 1134 222 496 1135
3126 108
3127 40 108 109 49
3128 1239 1241 1243 288 1242 1240 1244 401
3129 2
3130 858
3131 6 1278 2 255
3132 40 1312
3133 132 349 255 24 64 127 6
3134 141
3135 1313
3136 152
3137 2
3138 380
3139 2
3140 237
3141 392 238 245 1281 255 703 40 64 49 108 1306
3142 34
3143 1314 338
3144 6
3145 84
3146 1315
3147 109 6
3148 317
3149 1316 1274
3150 2
3151 302 2
3152 58
3153 108
3154 1318
3155 2
3156 49
3157 108 396 229 64
3158 130
3159 22 2 59
3160 50
3161 1320
3162 130
3163 130
3164 6
3165 40 2 86
3166 137
3167 2 64
3168 171
3169 58
3170 6
3171 152 269
3172 76 143 24
3173 991
3174 432 1
3175 94 558 441 559 553 6 557 560 525 242 64 555 467 556 393 474
3176 40
3177 2
3178 337 1273
3179 108 1323 855 738 1324
3180 6
3181 2
3182 721
3183 380
3184 108 49
3185 2 59
3186 132 129
3187 6
3188 683
3189 933
3190 86
3191 1325
3192 294
3193 127
3194 40
3195 517
3196 219
3197 2 64 174
3198 87
3199 2
3200 255
3201 6
3202 49 987 128 92 150 1288 316 178
3203 64 188 1326 24 699 594 166 67 916
3204 2 1273
3205 6 1328
3206 113
3207 40 45
3208 58 229 64
3209 40 49 1283 1273 1275
3210 154
3211 40 154 22 6
3212 108 49
3213 49
3214 2 234
3215 108
3216 40 127 24
3217 6
3218 1315
3219 6 219
3220 427
3221 78 1329
3222 49
3223 127
3224 6 363 24
3225 130
3226 283
3227 49
3228 40 348 64
3229 64 108 1273 476 613 118
3230 1 411 430 1294 92 432 145 431 1273 40 2
3231 64
3232 2
3233 64
3234 6 143
3235 81 84
3236 2
3237 40
3238 556
3239 167
3240 40 1300 244 1273
3241 2
3242 1109
3243 6 2
3244 40
3245 693
3246 6 76
3247 6 219 171 220
3248 6
3249 64
3250 49 64
3251 171 510
3252 420
3253 1287
3254 49
3255 2
3256 1331
3257 127 6 109 108 196 2
3258 568
3259 6
3260 6 2
3261 1333 90 186 45
3262 58
3263 6 2
3264 302 399
3265 171
3266 172
3267 415
3268 6 704
3269 40
3270 1273 166 1275 382 1 251 1279 1294 172 137 1277 1334 24
3271 2 167
3272 108 713 337
3273 64
3274 164
3275 108 6 1258
3276 40
3277 40 127
3278 1335
3279 108 58 164
3280 570 24
3281 2
3282 137
3283 1336
3284 108 713
3285 1065 1088 1067
3286 2
3287 58
3288 278 269 633
3289 219
3290 613 40 58 64 2 363
3291 2
3292 656
3293 90 6 495
3294 6
3295 108
3296 2
3297 2
3298 164 84 272
3299 357
3300 132
3301 40
3302 40
3303 40 385
3304 862
3305 2
3306 1339
3307 428 1340
3308 91
3309 420
3310 2
3311 7 204
3312 26 375 2
3313 337 64
3314 130
3315 450 428
3316 590
3317 113 501
3318 2
3319 3 2
3320 22
3321 1286 22 2
3322 6
3323 40 166
3324 108
3325 154 64
3326 262 1333
3327 154
3328 719 108
3329 58 302
3330 2
3331 108 932
3332 2
3333 6
3334 137 167
3335 6
3336 113
3337 164 2
3338 2
3339 330 543 2
3340 40 147 127 1342
3341 2
3342 1343 1097
3343 109
3344 40 2
3345 86 166 251
3346 6 2
3347 40 337
3348 1344 573
3349 108 858 255
3350 2
3351 302
3352 219 171 503
3353 956
3354 108 713 363
3355 380
3356 147 127
3357 1325
3358 6 118
3359 637 451
3360 2 66 178
3361 2 137 1283
3362 64 109 196 147 714 1273
3363 2
3364 22 171
3365 64
3366 906 108 717 49 352 210 904 439 393 7 905 1
3367 6 222
3368 166
3369 22
3370 348 6 1346
3371 141
3372 6 1346 2
3373 1347
3374 40
3375 148 643
3376 420
3377 719 858
3378 2
3379 385 6
3380 366 87
3381 40 6 64 24
3382 380
3383 6
3384 337 1277 255 958
3385 219 171
3386 109 154 425 551
3387 849
3388 108
3389 174
3390 91
3391 2 144 17
3392 154
3393 6 1281 2
3394 1053 1054 1348
3395 1275
3396 58
3397 401 1349 283 2
3398 348 108 7
3399 137
3400 40 64
3401 58
3402 6 87 196
3403 337
3404 108 49
3405 904
3406 337 49 7 255
3407 1274
3408 130
3409 6 64
3410 58
3411 408 58
3412 153
3413 6
3414 3 2
3415 6
3416 58
3417 130
3418 154
3419 9
3420 6 568
3421 6
3422 40 147 127 137
3423 124 2
3424 6
3425 215
3426 2
3427 1301
3428 219 171
3429 40 141 64
3430 154 255 49 87 320 390
3431 40 64 24
3432 40 6 710 665
3433 317
3434 68
3435 337
3436 108 154
3437 149 81 2 59
3438 348
3439 40 613 283
3440 67 188
3441 228 239 2 144 22 40
3442 137
3443 1333 41
3444 108 130 2
3445 1287
3446 2
3447 1351
3448 2
3449 219
3450 713 2
3451 418 112 178 64
3452 141
3453 64 24
3454 244
3455 1353
3456 154 6
3457 40 22 127 137
3458 734
3459 6 64
3460 108
3461 719 352 58 196 40 2 337 87 166 64
3462 40 64
3463 337 172 87 255
3464 237
3465 219
3466 219
3467 219
3468 6
3469 1286 6 2 41
3470 154 624
3471 154
3472 6
3473 6 34 41 24
3474 108
3475 380
3476 108
3477 226 2 143
3478 108 363 399 49
3479 6 1282 34
3480 2
3481 40 171 564 127
3482 108
3483 49
3484 428 302
3485 111 429 86 1356 637 68 2 1357 1358 64 594 1359 1360 26 1273 1361
3486 130 337 2
3487 127
3488 130 131 1329
3489 22 127 64
3490 108 337 237 436 1
3491 40
3492 6
3493 6
3494 45 1283 1273
3495 1362
3496 1033
3497 1286
3498 40
3499 219
3500 84
3501 40
3502 1333 154
3503 15
3504 171
3505 58
3506 2
3507 6
3508 40 22
3509 40 64
3510 171
3511 40
3512 22 64
3513 22 6 652
3514 2
3515 238
3516 40 613 127 64
3517 409
3518 164
3519 6
3520 161 162 160 144 41 126 2
3521 108
3522 298 141 2
3523 579
3524 6 351 1275
3525 9 121
3526 2
3527 2 145 1275
3528 6
3529 1286 6 2 41 24
3530 237
3531 6
3532 40
3533 87 210 382
3534 58
3535 2
3536 40 6 49 2
3537 348 108 109
3538 18
3539 40
3540 1042
3541 40 6 49
3542 1284 85 2
3543 40
3544 238
3545 127
3546 2 17
3547 1304 495
3548 6
3549 127
3550 6
3551 40 6 222 496 288
3552 921
3553 203 183 1294 87 40 76
3554 392 892
3555 564
3556 1284
3557 1295
3558 6 251 64 70 1286 40 24
3559 674
3560 421 283 2 127 6 305 64 255 132 40
3561 719 419 237
3562 108
3563 1273
3564 40
3565 64
3566 643
3567 64 40 222 6 578 1278 1366 240
3568 40 6 2 41
3569 348 108
3570 956 151 955 153 116
3571 2
3572 6 1367 132
3573 64 255
3574 928 2 255
3575 6 379
3576 6
3577 2
3578 1273 379 6 618 81 2
3579 40 22 50 2
3580 2
3581 171
3582 719
3583 40 6 2
3584 1273
3585 2
3586 810
3587 108 1287 6
3588 2 92
3589 171
3590 436
3591 40 613
3592 6
3593 171 1368 221
3594 84
3595 714
3596 40 86 64 24
3597 2
3598 428 302
3599 1346 399
3600 40
3601 219
3602 301 6
3603 761
3604 673 40 674 366 675 672 237 1369
3605 408 58
3606 40 719
3607 40
3608 408 302 399 317 58 130 1277
3609 6 587
3610 40
3611 2
3612 2
3613 362
3614 148 1228
3615 436
3616 6 401 245 230
3617 40
3618 50 137 24 1275 64 6 272
3619 2
3620 191
3621 40
3622 244
3623 87
3624 130
3625 420
3626 408
3627 68
3628 351
3629 79
3630 87
3631 84
3632 6
3633 2
3634 1370
3635 363
3636 317 320 1286 319 321 164 318
3637 108 932
3638 154
3639 6 222 606
3640 6 1367 132
3641 40 127
3642 149
3643 58 164 130 302
3644 748
3645 1371
3646 1274
3647 84
3648 348 6 81 2
3649 6 49 2
3650 219
3651 130
3652 58
3653 64
3654 124
3655 41
3656 84
3657 108
3658 40 1366
3659 40 109
3660 219
3661 1372
3662 137 127 58 1283 40 2
3663 40 2
3664 83 398
3665 1373
3666 302
3667 40
3668 145 1273
3669 1274
3670 64 255 854 108 589 49 337 196
3671 219 171
3672 337
3673 127 2
3674 40 234
3675 6
3676 108 737 363
3677 40 154 229
3678 154
3679 1273
3680 40
3681 229
3682 148 127 834 1285
3683 428
3684 40 318 94
3685 40 399
3686 1374
3687 40 127
3688 108
3689 40
3690 307
3691 6
3692 6 219 171
3693 130 1315
3694 40
3695 336
3696 580
3697 6 219 171
3698 130 22 6 2
3699 2
3700 6 132 151
3701 130
3702 2
3703 108 164 858
3704 37
3705 58 164
3706 314
3707 858
3708 69
3709 290 1375 1274 633 153 67 86 41 151
3710 1325 269 633 178
3711 6
3712 109
3713 2
3714 2
3715 40 108
3716 219
3717 49
3718 6
3719 6
3720 337
3721 84
3722 40 2
3723 109 68 145
3724 2
3725 246 239 196 94 40 249 1286 154 241 244 238 64 242 2 39 247 165 237 1282 245 240 41 1376 243
3726 6
3727 1377
3728 396
3729 49 109 1273 613 164 2
3730 683
3731 800
3732 40
3733 6
3734 55 2 66 71
3735 6
3736 40 127
3737 112
3738 40 2
3739 82 81 2 61
3740 255 229 92 40 399 164 174 337
3741 210 166 196
3742 392
3743 127 64
3744 171
3745 351
3746 6 3 2
3747 58
3748 154 928 49
3749 590
3750 2 59
3751 1361
3752 22 2 144 296
3753 1286 1278 2 234
3754 2
3755 40 22 64
3756 1274
3757 1274
3758 276
3759 6 49 2 1275
3760 656
3761 40
3762 164 317
3763 40 6 506 245
3764 49 1
3765 1279
3766 24
3767 1297
3768 330
3769 40 6 656 127
3770 2 76
3771 66
3772 40 127
3773 40
3774 267 2
3775 6
3776 219
3777 219
3778 2
3779 1286 200
3780 219
3781 719 366 432 87
3782 45
3783 337 712
3784 1274
3785 420
3786 40
3787 230
3788 760
3789 40 241 128
3790 127 2
3791 348 229 417 659 251 54 108 111 613
3792 6 1379 24
3793 240 6 476 132
3794 58 1380 26 84
