0 0 1 2 3
1 5 1 6 7
2 10 11 1 12 13 14
3 15 1 17 18
4 1 18 20 21 22 23
5 1 17 26 27
6 29 30 31 1
7 32 33 1 34
8 32 33 1 34
9 1 35 36 32
10 38 1 39 18 3 27
11 1 42 43 44
12 1 46 47 48
13 50 1 23 22 51 44
14 4 53 1 54 55 3 43 56 22 57 44
15 4 1 3 60
16 1 39 18 63 21 64 65 66 67
17 26 1 70 71 72 73 74 75 76 77 78 79 80 81 82 57
18 1 54 87 88
19 1 91 18 3
20 1 12 18 3 94 22 24
21 1 97 98 36
22 100 1 18 101
23 38 1 54 18
24 1 91 104 18
25 1 106 34 107 97 48
26 1 54 3 75 27 109 110
27 1 113 114 115 48 40 116
28 1 54 27 49 118 17 44
29 1 120 15 121
30 1 122 123 124 48 40
31 1 126 127 46 108 44 103
32 38 130 1 54 3 27 122 131
33 38 1 54 18
34 1 18 133 3
35 53 1 18 134
36 38 1 54 43 32 44 135
37 136 1 54 18 3 94 57 40
38 1 113 27 118
39 1 70 140 15
40 1 3 48 121
41 50 1 54 3 142
42 38 1 18 3
43 100 130 1 101
44 144 1 3 145
45 1 78 147 17
46 1 10 15 148
47 38 1 54 3
48 1 3 134 149
49 38 53 1 18 3 75 27 152
50 38 136 50 26 1 54 91 154 18 155 15 78 156 131 157
51 1 23 75 43 97 160 22 48 36
52 38 136 50 1 54 91 161 18 74 162 15 163 164 94 109 165 166 167 168 169 170 57 171
53 1 140 18 103
54 175 1 162 176 168 169 48
55 1 54 23 179
56 1 54 3 122 131 180 44
57 130 1 15 137
58 1 127 107 36
59 50 1 18 3 122 109
60 1 34 107 22
61 1 113 185 44
62 1 106 34 42 22 92 143
63 1 54 23 186 42 40 150 121
64 38 136 1 54 91
65 1 127 18 188
66 1 18 3 190 191 40
67 38 1 54 18
68 38 1 54 3 15 163 131
69 1 27 42 194
70 130 1 3 27 15 196 43
71 38 1 23 27
72 38 1 126 18 3 197 198
73 1 12 34 57
74 38 1 54 18 3 162 200 94 197 198 201 152
75 136 1 23 204
76 1 18 3 15
77 53 1 127 55 188 206
78 26 1 18 3
79 136 1 113 142
80 1 42 43 83
81 1 39 113 87 18 3 27 155 163 78 34 42 107 43 190 92
82 1 120 55 3
83 1 211 209 48 83
84 38 1 54 3 42
85 1 3 213 214
86 1 18 3 34
87 100 1 18 3
88 1 91 3 215
89 38 4 136 1 54 91 127 23 18 188 47
90 38 100 26 1 71 54 216 113 18 15
91 38 136 1 54 23 3 179
92 130 1 120 218 15 219 220
93 1 113 23 18 223
94 1 140 224 225 226 78 227
95 38 1 23 43
96 38 130 1 230 91 39 113 218 18 3 231 131
97 38 26 1 140 23 154 27 194
98 1 113 23 55 186 142 94 97
99 38 236 26 1 54 3 75 164 34 237
100 50 26 1 70 239
101 130 1 54 113 3 27 163 131
102 1 113 218 27
103 1 241 3 42
104 38 1 91 113 127 23 3
105 38 53 1 54
106 1 243 70 12 244 245 23 3 226 42 43 194
107 1 113 218 42
108 38 1 18 3 27 43
109 136 1 71 54 91 72
110 1 113 127 247
111 38 1 54 42 43
112 1 70 54 91 122 131
113 38 1 54 249
114 1 54 91 164
115 38 1 54 250
116 136 26 1 71 251 23 252 253
117 1 39 87 3
118 38 236 136 175 1 71 54 251 18 133 3 256 257 164
119 38 100 130 1 54 140 259 113 23 260 75 27 15 179 164 34
120 38 1 262 18 3
121 1 140 120 15
122 1 263 18 264 265
123 175 26 1 266
124 1 267 27 43
125 1 70 54 113
126 38 1 243 54
127 38 1 54 140 218 27
128 38 136 175 1
129 144 1 249 18
130 1 18 198 270
131 38 136 1 54
132 1 243 127 188
133 1 54 230 140
134 38 1 70 274 216 113
135 38 236 130 1 243 70 54 276 120 277 216
136 38 236 136 50 1
137 136 26 1 23
138 1 120 262 18
139 38 130 1 243 54 120
140 38 1 277 280 127 281 154 266
141 1 54 283 284
142 38 1 54 140
143 38 136 50 1 54 127 154 18
144 38 1 54 23
145 1 113 284 285
146 1 286 243 287
147 38 4 289 236 175 50 26 1 71 54 290
148 38 1 54 140
149 53 1 12 54 23 55 291 292 293
150 38 136 130 1 284
151 38 100 1 274
152 38 53 136 175 1 12 140
153 38 4 289 1
154 38 175 1 295
155 3 54 177 38 296 164 169
156 18 24 3 299 136 300
157 3 18 41 54
158 302 303 304 287 244 3
159 155 15 40 305 22 23 306 127 307 32
160 308 309 3 96
161 66 310 311 3
162 312 18 3 24 313 314
163 312 3 18 24 313 314
164 38 236 54 140
165 144 18 3 142 94 316
166 38 3 318 40 319
167 18 3 56 40
168 3 322 94 323 324 101 325 326 327 328 329 330 331 332 333 334 335
169 175 18 3 94 169
170 54 18 3 131 152 233 341 110 41 103 342
171 26 54 91 104
172 54 18 3 346 41 93 103 128
173 161 3 80 347 348 51 103
174 54 18 3 169
175 38 144 175 50 54 91 244 262 3 15 164 94 346 352 165 56 353 149 354 355 180 313 40 150 356 41 357 314 358
176 50 26 54 127
177 4 18 3 162
178 130 91 18 3 364 365 366 57 40 14 121 17
179 370 3 94 128
180 18 371 3 323 326 372 40
181 38 175 54 3
182 26 18 3 346
183 54 18 3 373
184 91 104 3 105
185 3 107 56 376
186 18 3 149 150
187 38 54 3 94 198 40 199 192
188 136 54 127 18 188 3 134
189 18 3 56 327 380
190 38 382 91 218 3 383 384 137
191 38 175 91 3 346 165 326 22 40
192 54 18 3 122 168
193 38 175 54 91 3 322 164 346 169 326 40 328 387
194 54 3 152 202
195 54 18 3 78
196 38 388 389 18 390 3 391 156 166 392 393 152 326 327 394 57
197 38 398 3 399 400
198 91 3 94 80 40 199 108 93
199 38 18 3 164 115
200 54 18 3 346 168 372 40 192
201 23 18 3 155 94 346 194 402 97 403 22 404 405
202 262 18 3 94
203 54 104 18 3
204 18 3 94 166
205 38 54 140 18 188 3 15
206 53 50 18 3
207 38 54 3 109
208 295 127 188 3
209 91 104 18 3
210 38 54 87 3 15 163 131
211 38 54 3 15 163 43 131
212 408 127 18 3 156
213 410 3 152 202 341
214 38 50 54 18
215 38 54 18 3 15 198 383 40
216 18 3 162 169
217 50 18 55 3
218 38 175 54 91 18 3 94
219 38 54 3 322 78 164 413 414
220 3 122 34 131
221 54 72 18 3 109 168
222 175 3 238 152
223 54 72 104 18 3 215 238 415
224 38 175 26 54 127 23 18 188 418 3 75 162
225 38 136 175 71 54 72 3 162
226 175 18 3 162
227 38 53 420 91 3 162 264 94 197 198 80 421
228 91 3 238 152
229 38 4 144 71 389 54 91 423 424 18 3 162 164 264 200 94 198 156 242
230 38 175 54 3
231 136 50 54 3
232 3 78 34 152
233 26 71 23 3 162
234 38 236 136 3
235 38 175 54 91 18
236 38 175 3 429
237 287 244 18 3
238 175 3 162 346
239 431 370 18 3
240 289 433 434 263 435 18 74 292 3 162 77 436 256 437 164 438 439 440 441 442
241 38 3 156 109
242 38 50 3 142 429 248 131 227
243 38 100 136 130 71 54 91 104 3 196 81
244 295 127 18 188 3
245 26 241 127 3
246 38 136 144 175 389 54 91 18 3 75 162
247 38 175 54 91 161 3 162
248 38 175 50 54 91 3 448
249 38 175 54 3 448
250 3 448 447 346
251 38 175 50 54 91 18 3 448
252 38 175 18 3 162
253 100 175 54 91 10 3 162 94
254 50 71 244 262 450 186 3
255 4 236 175 26 225 3
256 38 100 175 54 91 3 162
257 136 18 453 3
258 335 18 26 165
259 168 454 54 174 455
260 458 165 105 459
261 124 131 54 57
262 54 22 377 195 29 462
263 54 91 104 18 164
264 54 346 57 41
265 54 91 466 165
266 54 91 104 142 122
267 54 91 149 469
268 54 127 164 65 472
269 54 165 146 128
270 136 54 168 474
271 54 154 142 109
272 38 144 54 262 75 451 80
273 54 18 19 103
274 38 54 477 478 164 479 152 480
275 38 54 477 478 164 201 479 152 481 41
276 136 50 54 161 484 485 254 486
277 54 91 55 489
278 136 295 54 18
279 54 465 164 165
280 38 54 477 127 18
281 38 54 104 429 492 56
282 26 54 22 103
283 26 54 22 143
284 54 127 18 164
285 136 50 54 91
286 38 136 54 122
287 54 91 188 417
288 54 434 91 74
289 54 91 48 417
290 54 91 104 97
291 26 54 91 126 18
292 136 54 91 18
293 38 175 54 498
294 26 71 54 154
295 136 54 453 294 500
296 136 26 54 91 104 18 502
297 54 142 164 122 198
298 54 504 75 451 505 506 507 508 509 510
299 38 136 54 513
300 38 236 175 26 54
301 38 236 130 26 71 54 514 156
302 54 18 496 81
303 38 136 54 91 127 188 517 275
304 54 91 496 421
305 38 144 433 54 477 280 504 424 519 18 520 521 75 478 164 505 522 438 200 447 197 523 442
306 38 54 524 525
307 136 50 26 54
308 50 26 71 54 241 72 526
309 38 295 54 528 91
310 26 54 72 322
311 38 130 26 71 54 91 72
312 130 50 54 530 531
313 38 236 54 91
314 38 4 175 54
315 38 54 434 18
316 38 71 54 434
317 38 4 12 54
318 38 54 434 72 74
319 38 26 71 54
320 38 136 175 50 26 71 54 251
321 38 136 144 26 71
322 38 236 136 175
323 38 70 54 140 218
324 38 136 54 91
325 38 54 434 72
326 38 54 477 504 519 18 533 75
327 236 136 175 50 534 54 434 535 245
328 38 382 236 136 175 50 537 54
329 38 236 136 54
330 38 236 136 54 91
331 38 18 103 75 55 467 510 539
332 38 26 542 211
333 38 144 23 18
334 38 71 18 79 22
335 38 23 22 57
336 38 477 18 75
337 38 18 75 80
338 38 276 120 27
339 38 477 280 73 521 545 75
340 38 18 197 198
341 38 236 26 71
342 38 100 71 55
343 38 547 72 281
344 38 236 136 91
345 38 236 136 175 50 26 71
346 38 100 243 71 276
347 38 175 243 551
348 38 236 175 71
349 38 136 175 26
350 454 174 552 18
351 553 554 555 417 556 102 91 557 18 558 559 560 561
352 26 18 73 97
353 18 22 6 23 218
354 18 133 94 221
355 566 18 134 40
356 18 188 10 149 376
357 18 94 422 567
358 18 165 568 569
359 136 91 23 18 215 496 194 22 92 570 489 174
360 18 47 233 270
361 249 18 200 265 94
362 53 126 572 18
363 126 18 439 265
364 431 136 50 7
365 136 574 205 575
366 136 574 205 157
367 431 136 50 577 432 578 9 579
368 136 161 254 159
369 53 431 136 50 370 279 157 583 7 573 576 584 578 9 585 586
370 136 453 590 591
371 136 453 294 205
372 136 233 376 377
373 289 136 91 415
374 136 23 162 155 194
375 431 136 50 370
376 136 26 23 34
377 136 161 10 594
378 136 50 534 127 55 31 179
379 136 534 161 31
380 136 50 251 23 55
381 136 534 161 31
382 53 136 50 127
383 188 149 207 599
384 134 601 149 376 417 150 602 603
385 289 91 104 131 415 171
386 607 311 608 356 504 127 609 412 610 611 376
387 127 614 150 615
388 243 423 536 617
389 175 26 225 226
390 175 620 282 31
391 621 175 622 282
392 175 26 71 251
393 53 431 175 50 370 566
394 175 26 71 434 72
395 388 236 175 26 71
396 60 97 57 195
397 262 106 451 204 115 92 40 108
398 65 626 326 627 628 629 630 631 632
399 127 635 633 636 637 638 639
400 356 86 504 127 511 642
401 127 188 532 103
402 504 127 511 356
403 127 188 34 107
404 645 410 127 188
405 113 127 87 188
406 23 648 649 559
407 23 55 82 392 22
408 26 71 23 651 453 266 155 253
409 4 236 26 653 71 295 537 535 654 72 245 23 453
410 4 236 26 653 71 295 537 535 654 245 23 453
411 113 109 209 657
412 382 113 176 659
413 230 276 113 10
414 356 504 661 86 511 662 663 664
415 71 434 241 72 280 526 154 188 74
416 233 57 83 659
417 26 71 670 57
418 71 526 57 83
419 382 94 176 673
420 41 675 676 153
421 34 22 678 20 679
422 39 47 681 22
423 142 34 22 683
424 70 140 120 686
425 71 528 434 120
426 382 687 176 673 674 688
427 382 130 10 13
428 100 130 71 230
429 262 689 106 690 80
430 692 244 566 262 693 451
431 241 453 248 494
432 53 279 694 695 696 697 698 699
433 53 50 55 279
434 702 56 703 704 705 706 707 708 709 710
435 144 714 715 606
436 83 659 717 85
437 66 719 67 720 310
438 50 254 157 723
439 134 356 724 725
440 142 429 727 728 35
441 50 7 731 732 9
442 573 7 9 733
443 7 573 584 9
444 736 608 737 577
445 216 9 88 738
446 740 741 742 515
447 26 225 239 226 34
448 604 632 746 747
449 749 750 701 751
450 753 754 755 750 751
451 749 750 758 701 751 759 760 755 761
452 144 18 3 94
453 725 766 767 768 769 770 771 772
454 3 152 775 776 341
455 100 1 3 191
456 236 136 54 91
457 286 243 780 618
458 243 290 276 140
459 38 4 236 136 144 621 175 243 54 140
460 38 388 289 382 236 100 136 433 175 130 50 26 71 783 54 434 477 530 91 120 72 280 784 398 550 245 526 435 620 281 519 154 188 74 292 3 75 76 162 77 256 499 441 391 156 201 785 479 176
461 236 26 71 789
462 236 136 26 71 537 54 434 530
463 35 791 792 793
464 38 26 54 477 78 164 201
465 38 236 100 175 1 54 434 230 91 127 18 517 3 31 226 75 76 162 27 15 264 122 94 491 198 514 261 496
466 38 236 71 783 54 434 670 72 251 74 75 256
467 797 798 799 800
468 802 803 804 805
469 807 808 809 810
470 813 814 815 816
471 270 202 818 819 820 821 822 823
472 1 276 120 39 113 542 27 15 42 365 97 92 40 11 192 121
473 38 175 91 18 3 94 429 156
474 53 136 1 127 18 453 10 831 294 194 131 149
475 27 833 1 834
476 3 94 24 128
477 54 215 294 91
478 3 346 420 430
479 54 3 91 406
480 18 23 359 136 92 194 571 496 570 91 128 835
481 511 86 356 504
482 3 82 55 50
483 120 140 836 274 1
484 91 18 838 127
485 120 1 839 193 409 3
486 265 263 198 264 1
487 54 71 840 91
488 54 346 842 843
489 230 1 304 120 54 836 844 845 276 136 140 71
490 54 81 109 154
491 131 105 838 846
492 162 23 847 175 843 26 837 155
493 3 236 848 38
494 154 3 430 843
495 76 75 86 71 1 82 73 84 77 81 74 26 79 85 833 57 72
496 850 370 3 48
497 1 44 851 103
498 54 71 26 38
499 480 478 481 38 465 152 54 842
500 54 241 1 55
501 3 39 48 1
502 106 34 26 852 107 18 92 279
503 38 853 515 854 855 160 741
504 140 857 1 843
505 92 26 140 1 234 55 851
506 91 42 1 34
507 3 91 38 50
508 655 537 654 236 453 656 4 295 31 23 390 71 653
509 236 837 50 175
510 18 109 835 23 3 54 136
511 243 1 43 843
512 427 3 687 837
513 54 3 858 1
514 54 3 212 1
515 370 53 431 587 576 157 859 586 279 579 585 578 850 584 136 588
516 833 82 861 55
517 249 265 198 94 242
518 50 528 72 54 534 26 236 136
519 862 346 91 3 863 180 850 10 431
520 3 404 91 18
521 91 3 496 109 54 130
522 3 775 152 341 776
523 54 71 72 26
524 820 822 824 202 823 821 826 270
525 3 833 1 175
526 94 242 175 18 38 91 3
527 741 162 169 854 175 515 54 38 26 71 865
528 71 283 154 38
529 57 395 326 396 388 3 394 397 367 166 38 391 392 393 390 327
530 71 866 622 550 867
531 26 852 92 55 446 868 409 133
532 38 356 869 18 511 504 127 86 661
533 54 26 835 843 851
534 54 109 131 3
535 38 71 843 322 434 82
536 23 292 291 847 55 294 155 293 843 54 1
537 54 855 168 843
538 3 150 149 151
539 91 3 72 71 136 1
540 871 111 872 34
541 843 127 851 491 23 188 834 847 126 97 837 873 18
542 434 54 70 38 1 251
543 54 104 91 874
544 38 72 136 104 528 843
545 656 71 653 26 245 453 654 295 390 4 655 23
546 54 3 38 18
547 236 837 175 692
548 72 109 285 514
549 270 875 198 1
550 236 26 4 175
551 54 104 91 97
552 109 175 26 50 221 289
553 54 3 522 478
554 210 42 1 43
555 216 163 1 113 131 54
556 281 75 133 38
557 54 131 91 97
558 534 245 70 136 54 1 236 50 127 38
559 236 126 50 175
560 839 3 1 40
561 3 24 40 18
562 71 251 274 26
563 54 149 469 91
564 74 288 262 877 529 382 1 878 879 38 504 880 881 39 843 882
565 71 236 161 538 23
566 54 434 91 38
567 116 117 115 113 40 90 1
568 839 3 1 40 18
569 54 3 26 1
570 54 3 152 341 202
571 143 142 847 50 54 128
572 3 188 38 35 839 54 18
573 448 198 1 91 3 346 38 175 94 54
574 38 54 152 3 411 833 885 164
575 54 3 1 40
576 690 106 689 108 80
577 843 265 3 439 42 1
578 54 131 27 1
579 54 262 38 18
580 485 54 486 254 487 484 161 886
581 276 243 274 218 70 140 837
582 3 270 169 156
583 27 97 18 851 38 3 190
584 218 221 839 220 222 120 219
585 70 120 140 243
586 241 3 42 1
587 97 91 70 835 54 1
588 38 175 621 71 420 26 236 136
589 105 91 887 838
590 140 131 3 1
591 204 888 889 451 108 86 262 40 106
592 890 186 451 133
593 170 163 136 57 54 173 839 109 165 168 162 38 166 1 174 171 121 161 842 169 164 40 891 167
594 26 72 843 434 120 1
595 32 1 36 37
596 45 42 1 44
597 175 154 55 54 274 120 130 236
598 131 1 113 261
599 839 833 1 160
600 3 26 1 851
601 54 3 351 169
602 54 3 496 91
603 534 254 294 50
604 241 154 280 668 188 31 71 74 434
605 164 3 322 94
606 70 892 39 47
