0 122
0 695
0 27
0 574
1 655
1 27
1 154
1 246
1 523
2 764
2 27
2 314
2 306
2 499
2 36
3 821
3 27
3 257
4 99
4 258
4 27
4 1022
4 1004
4 559
4 88
4 742
5 88
5 27
5 368
5 1034
5 1058
6 27
6 927
6 1034
7 27
7 470
7 91
7 297
8 27
8 1034
8 1068
8 71
8 190
8 695
8 689
8 432
9 607
9 695
9 27
10 27
10 895
10 123
11 359
11 1034
11 27
11 369
12 27
12 891
12 463
13 423
13 27
13 1041
14 27
14 369
14 1070
15 27
15 368
15 373
15 279
15 5
16 946
16 72
16 270
16 27
16 88
17 102
17 200
17 27
17 1041
17 279
18 102
18 200
18 27
18 1041
18 279
19 27
19 789
19 608
19 952
20 27
20 874
20 508
21 27
21 246
21 488
22 577
22 27
22 863
23 27
23 695
23 662
23 251
24 577
24 27
24 1034
24 246
25 27
25 1037
25 662
25 102
25 217
26 27
26 88
26 258
26 525
27 577
27 27
27 927
27 1034
27 246
27 279
27 369
27 993
28 27
28 368
28 260
28 45
29 27
29 1041
29 282
29 874
30 27
30 695
30 607
31 27
31 1034
31 684
32 27
32 246
32 127
33 27
33 1034
33 246
33 1041
34 27
34 392
34 368
35 27
35 642
35 608
35 874
35 276
36 27
36 929
36 184
36 574
36 1089
37 577
37 27
37 993
38 27
38 695
38 99
38 607
39 905
39 27
39 695
39 190
39 1052
39 874
39 1130
39 276
40 523
40 844
40 27
40 359
40 1029
40 246
40 608
40 63
40 190
40 569
40 874
40 788
40 689
40 665
41 523
41 27
41 246
41 245
41 919
41 959
42 27
42 525
42 633
43 27
43 1041
43 662
43 874
44 27
44 927
44 1034
44 1125
44 71
44 28
44 78
44 34
44 921
44 179
44 423
44 5
45 27
45 246
45 369
46 373
46 27
46 789
46 802
46 740
46 894
46 156
46 578
46 603
46 540
46 330
46 606
46 1048
46 1116
46 609
46 569
46 952
46 1065
46 1096
46 689
46 251
47 577
47 27
47 87
48 27
48 662
48 874
49 27
49 422
49 314
50 27
50 744
50 342
51 27
51 359
51 82
51 525
51 343
51 416
52 27
52 668
52 1034
52 246
52 899
52 1005
53 27
53 625
53 368
53 547
54 27
54 1022
54 1034
54 246
54 418
54 190
54 689
54 686
54 998
55 27
55 1022
55 574
55 890
56 27
56 442
56 276
57 27
57 334
57 169
57 662
57 368
57 80
58 27
58 801
58 874
59 155
59 27
59 1034
59 392
59 631
59 340
60 27
60 1034
60 993
61 27
61 3
61 369
62 577
62 27
62 359
62 1034
62 246
62 993
63 27
63 607
63 574
63 252
64 27
64 668
64 701
64 1034
64 74
64 340
65 27
65 1064
65 666
66 27
66 246
66 1041
67 27
67 565
67 1041
67 294
67 334
67 574
67 662
67 295
68 27
68 359
68 246
68 578
68 279
68 351
68 1121
68 234
68 477
69 373
69 27
69 973
70 27
70 3
70 43
70 475
70 574
70 369
70 277
70 37
70 416
71 27
71 359
71 279
71 1089
71 801
71 368
71 874
71 950
71 276
72 27
72 265
72 88
72 746
72 874
72 277
73 27
73 246
73 1005
73 689
74 27
74 108
74 334
74 1089
75 222
75 27
75 246
75 684
76 27
76 224
76 885
76 954
76 574
76 369
76 368
76 442
77 27
77 574
77 442
78 27
78 63
78 970
78 574
79 27
79 279
79 43
79 87
80 27
80 707
80 108
80 929
80 295
80 874
80 340
80 684
80 86
81 27
81 695
81 607
82 577
82 673
82 27
82 359
82 246
82 279
82 224
82 87
82 952
82 874
82 702
83 27
83 610
83 346
84 577
84 27
84 359
84 1034
84 246
85 27
85 1034
85 765
85 246
85 184
86 27
86 1034
86 258
87 27
87 334
87 190
87 116
88 27
88 695
88 607
89 27
89 211
89 1041
89 1023
90 27
90 1034
90 246
90 501
91 27
91 246
91 758
91 492
92 27
92 1034
92 246
92 998
93 27
93 1064
93 971
93 658
94 27
94 246
94 993
95 844
95 27
95 1034
95 464
95 368
96 27
96 1097
96 1126
97 27
97 359
97 1034
98 577
98 27
98 359
98 246
99 27
99 1034
99 246
100 27
100 608
100 517
101 577
101 27
101 359
101 608
101 102
101 874
101 856
101 665
101 1130
102 27
102 246
102 340
103 62
103 27
103 359
103 1034
103 246
103 418
103 569
103 369
103 610
103 872
104 27
104 3
104 279
104 801
104 874
104 518
105 27
105 608
105 662
106 27
106 279
106 369
107 27
107 789
107 625
107 88
107 330
107 1142
108 27
108 578
108 608
108 574
109 27
109 415
109 118
109 1039
110 27
110 246
110 574
110 746
110 874
110 277
111 905
111 27
111 359
111 246
111 211
111 1030
111 684
112 577
112 27
112 1034
112 246
112 63
112 559
113 155
113 673
113 27
113 392
113 631
113 340
114 881
114 27
114 246
114 296
114 134
115 27
115 334
115 369
116 577
116 27
116 87
117 27
117 607
117 746
117 438
118 27
118 359
118 695
118 607
119 27
119 574
119 662
119 874
120 577
120 27
120 279
121 27
121 1009
121 334
122 27
122 1034
122 528
123 27
123 368
123 874
123 518
124 27
124 1089
124 874
125 27
125 518
125 861
126 27
126 607
126 908
126 746
127 27
127 330
127 249
127 368
127 442
128 222
128 27
128 246
129 27
129 1041
129 476
130 27
130 99
130 88
130 994
130 258
131 27
131 246
131 294
132 577
132 27
132 359
132 246
132 369
133 27
133 246
133 464
133 970
133 843
133 889
134 27
134 1041
134 689
135 27
135 574
135 1089
136 27
136 334
136 970
137 27
137 246
137 294
137 334
138 577
138 844
138 27
138 1034
138 246
138 578
138 279
138 920
138 369
138 993
138 778
139 27
139 1062
139 1040
140 27
140 695
140 874
140 684
141 27
141 1034
141 399
141 340
142 27
142 772
142 1034
143 577
143 62
143 905
143 373
143 27
143 359
143 668
143 1146
143 1034
143 326
143 88
143 330
143 892
143 87
143 593
143 569
143 1142
143 683
143 870
144 27
144 695
144 578
144 608
144 334
144 829
144 190
144 574
144 662
144 1089
144 442
144 874
145 577
145 27
145 1034
145 724
146 27
146 853
146 874
147 577
147 62
147 905
147 27
147 359
147 668
147 166
147 1034
147 156
147 1076
147 88
147 1081
147 703
147 418
147 351
147 150
147 95
147 471
147 868
147 795
147 60
147 569
147 1011
147 369
147 840
147 110
147 746
147 123
147 993
148 27
148 334
148 190
148 369
149 27
149 1034
149 340
150 27
150 574
150 369
151 27
151 625
151 1034
151 340
151 684
152 577
152 27
152 695
152 1034
153 373
153 27
153 279
153 874
154 27
154 330
154 184
155 27
155 589
155 246
155 653
156 27
156 359
156 703
157 27
157 574
157 193
157 1139
158 401
158 27
158 1076
158 476
158 868
158 795
158 574
158 348
158 410
159 27
159 359
159 695
159 607
159 190
159 746
160 27
160 246
160 1101
160 684
161 27
161 429
161 607
161 743
162 27
162 801
162 874
163 27
163 359
163 246
163 224
163 87
163 619
163 874
163 340
163 684
164 673
164 27
164 88
164 610
164 969
164 663
165 27
165 952
165 1030
166 27
166 1034
166 246
167 27
167 108
167 294
167 662
167 1089
168 27
168 1034
168 874
168 340
169 27
169 224
169 874
170 905
170 27
170 1034
170 246
170 224
170 351
170 1035
170 528
171 373
171 27
171 1081
172 27
172 1041
172 294
172 190
172 340
172 684
173 27
173 3
173 1062
173 874
173 340
174 27
174 565
174 1041
174 642
174 190
174 899
174 1030
174 874
174 684
175 27
175 695
175 88
176 27
176 1022
176 497
177 27
177 1022
177 497
178 27
178 1022
178 497
179 27
179 1022
179 497
180 27
180 99
180 607
180 924
181 27
181 359
181 695
181 961
181 642
181 369
181 843
181 746
181 368
181 874
182 577
182 62
182 27
182 359
182 668
182 246
182 669
183 27
183 1041
183 1089
184 373
184 27
184 896
185 27
185 108
185 1034
185 589
185 608
185 653
186 27
186 1034
186 246
187 27
187 1034
187 246
188 881
188 27
188 246
188 1030
189 27
189 1034
189 246
189 941
189 111
189 369
189 1050
189 796
190 577
190 27
190 359
190 1034
190 279
190 87
191 577
191 27
191 359
191 246
192 577
192 27
192 359
192 246
192 88
192 1081
192 87
192 369
192 1050
193 222
193 27
193 265
193 1081
194 27
194 630
194 619
195 27
195 369
195 796
196 673
196 27
196 630
197 27
197 279
197 642
197 532
197 995
198 673
198 27
198 246
198 279
198 88
198 313
198 608
198 369
198 1050
199 577
199 27
199 695
199 279
199 574
200 27
200 246
200 369
201 27
201 1034
201 246
202 577
202 27
202 359
202 246
203 577
203 27
203 707
203 1034
203 246
203 1056
203 719
203 920
203 611
204 27
204 625
204 199
204 608
205 27
205 1022
205 1041
205 569
205 662
206 577
206 27
206 359
206 1034
206 246
206 1076
206 271
206 418
206 1056
206 719
206 427
206 920
206 141
206 369
206 433
207 62
207 27
207 695
207 56
207 1090
207 190
208 27
208 1022
208 190
209 27
209 1034
209 246
209 88
209 369
210 577
210 27
210 1034
210 63
211 27
211 630
211 677
212 27
212 190
212 276
213 27
213 246
213 369
214 27
214 99
214 710
215 155
215 27
215 718
215 941
216 844
216 27
216 108
216 1029
216 589
216 415
216 717
216 7
217 27
217 1022
217 43
218 27
218 359
218 695
218 607
219 373
219 27
219 1034
219 246
219 369
220 62
220 27
220 3
220 211
220 334
220 736
221 27
221 642
221 608
221 952
221 666
222 27
222 927
222 3
222 82
222 1034
222 246
222 279
222 326
222 1081
222 330
222 1041
222 642
222 294
222 608
222 941
222 899
222 574
222 611
222 1089
222 801
223 27
223 359
223 1034
224 27
224 265
224 1029
224 246
224 829
225 27
225 246
225 1041
226 27
226 1022
226 1034
227 27
227 927
227 478
228 27
228 246
228 351
229 27
229 359
229 246
229 1051
230 27
230 630
230 736
230 574
230 952
230 461
230 1089
231 27
231 1022
231 1029
231 608
232 577
232 27
232 359
232 246
232 642
232 574
232 369
233 27
233 369
233 1050
234 27
234 246
234 583
234 957
234 63
234 941
235 27
235 359
235 607
236 673
236 27
236 359
237 27
237 1034
237 246
237 1041
237 642
238 27
238 583
238 392
239 27
239 108
239 246
240 155
240 27
240 1034
240 246
240 88
241 27
241 668
241 246
241 640
241 63
241 369
242 27
242 668
242 3
242 830
243 577
243 27
243 578
243 608
244 577
244 523
244 62
244 27
244 359
244 668
244 108
244 695
244 1034
244 589
244 184
244 190
244 574
244 653
245 577
245 155
245 373
245 27
245 802
245 359
245 772
245 3
245 1034
245 88
245 1081
245 183
245 87
246 577
246 62
246 27
246 359
246 695
246 246
246 607
246 224
246 190
247 27
247 246
247 637
248 673
248 27
248 265
248 699
248 88
248 113
248 914
248 402
248 706
249 27
249 3
249 695
249 1034
249 267
249 574
249 1030
250 27
250 625
250 543
250 932
250 228
250 330
250 159
250 590
250 408
251 577
251 27
251 802
251 1029
252 27
252 246
252 868
252 569
253 577
253 27
253 695
253 608
253 190
253 574
254 27
254 597
254 88
255 577
255 673
255 27
255 1093
255 668
255 927
255 3
255 699
255 1034
255 246
255 735
255 87
255 1102
255 213
255 890
256 27
256 608
256 952
257 27
257 246
257 88
257 1041
258 27
258 279
258 294
258 334
259 27
259 265
259 246
259 87
260 577
260 373
260 27
260 625
260 695
260 1146
260 279
260 532
260 87
260 630
261 577
261 27
261 3
261 235
262 27
262 3
262 695
262 1029
262 961
262 211
262 418
262 334
262 190
262 1044
263 577
263 1019
263 373
263 27
263 359
263 246
263 578
263 703
263 1041
263 75
263 1112
263 920
263 574
264 27
264 574
264 569
265 27
265 246
265 756
266 27
266 184
266 608
267 27
267 1034
267 88
267 608
268 27
268 642
268 294
268 608
269 27
269 3
269 372
270 27
270 389
270 279
271 62
271 27
271 359
271 608
272 222
272 27
272 1034
272 418
273 27
273 879
273 462
274 62
274 905
274 27
275 27
275 246
275 334
276 905
276 373
276 27
276 789
276 1082
276 532
276 569
277 27
277 334
277 574
278 27
278 1133
278 890
279 27
279 359
279 740
280 62
280 27
280 359
280 668
281 673
281 27
281 359
281 3
281 246
281 279
281 1081
281 87
281 551
281 574
282 27
282 3
282 699
282 279
282 87
283 27
283 39
283 246
283 642
283 334
284 577
284 27
284 668
284 3
284 108
284 695
284 246
284 33
284 190
285 27
285 246
285 569
286 27
286 246
286 330
286 63
287 577
287 844
287 27
287 359
287 589
288 577
288 27
288 246
289 27
289 229
289 789
289 1022
289 510
289 833
289 695
289 246
289 228
289 642
289 608
289 532
289 213
289 190
289 952
289 666
290 27
290 279
290 87
291 27
291 941
291 31
292 27
292 3
292 699
292 642
292 334
292 372
293 577
293 27
293 1034
293 246
293 279
293 608
293 941
293 334
294 577
294 222
294 27
294 224
295 27
295 184
295 281
296 577
296 27
296 359
296 184
297 27
297 389
297 608
297 96
298 905
298 27
298 1029
299 62
299 27
299 802
299 359
299 668
299 740
299 246
299 190
300 27
300 359
300 668
300 701
301 881
301 27
301 359
301 695
302 27
302 359
302 279
302 87
303 27
303 3
303 246
304 27
304 3
304 108
304 231
304 365
305 577
305 27
305 359
305 642
305 608
305 190
305 574
306 27
306 265
306 699
307 27
307 415
307 88
308 577
308 27
308 359
308 386
309 27
309 1022
309 961
310 577
310 27
310 359
310 250
311 27
311 789
311 359
311 668
311 224
311 87
311 334
311 190
312 27
312 642
312 184
313 27
313 3
313 608
314 577
314 27
314 359
314 798
314 246
315 27
315 359
315 668
315 703
315 640
316 27
316 3
316 82
317 577
317 27
317 359
317 93
317 279
318 155
318 27
318 1018
318 796
319 27
319 229
319 789
320 27
320 607
320 1041
321 62
321 373
321 27
321 802
321 310
321 695
321 466
321 226
321 361
321 642
321 334
322 27
322 927
322 82
322 246
322 915
323 27
323 707
323 578
324 27
324 229
324 927
324 688
325 577
325 27
325 359
325 668
326 27
326 359
326 279
327 577
327 1019
327 62
327 401
327 27
327 802
327 359
327 310
327 1034
327 765
327 246
327 1143
327 897
327 703
327 892
327 129
327 471
327 87
328 373
328 27
328 608
329 577
329 155
329 673
329 27
329 359
329 625
329 144
329 3
329 695
329 47
329 578
329 279
329 88
329 607
329 703
329 1041
329 642
329 974
329 532
329 941
329 87
330 577
330 27
330 782
330 1034
330 246
330 603
330 1081
331 27
331 927
331 883
331 915
332 27
332 625
332 265
332 88
332 607
333 27
333 1034
333 246
333 903
334 27
334 1041
334 334
335 27
335 229
335 718
336 27
336 850
336 1034
336 1055
336 815
336 1056
336 719
337 401
337 373
337 27
337 366
337 1076
337 795
338 577
338 27
338 3
338 87
339 577
339 27
339 1034
340 27
340 229
340 608
341 27
341 439
341 279
341 608
341 87
342 27
342 3
342 279
343 27
343 359
343 279
343 326
344 62
344 27
344 1009
344 371
345 27
345 359
345 695
346 27
346 1113
346 1048
347 27
347 789
347 279
348 577
348 27
348 699
349 27
349 246
349 16
350 27
350 789
350 359
350 3
350 279
350 1081
351 577
351 27
351 229
351 359
351 215
351 718
352 27
352 625
352 974
353 27
353 625
353 1034
354 27
354 3
354 642
355 27
355 229
355 789
355 728
356 577
356 27
356 359
356 625
356 699
356 279
356 330
356 87
357 27
357 108
357 1034
358 62
358 905
358 27
359 577
359 27
359 832
360 27
360 3
360 156
360 718
361 673
361 27
361 1081
362 673
362 27
362 1081
363 27
363 246
363 974
364 1019
364 27
364 228
365 27
365 3
365 82
365 279
366 577
366 27
366 1034
366 246
367 577
367 27
367 1034
368 27
368 359
368 695
369 27
369 88
369 226
370 577
370 27
370 789
370 359
371 27
371 359
371 1041
372 577
372 62
372 401
372 27
372 359
372 246
373 27
373 625
373 99
373 202
374 905
374 27
374 359
375 62
375 27
375 607
376 27
376 3
376 589
376 396
377 905
377 27
377 1034
378 373
378 27
378 359
379 27
379 1106
379 465
380 881
380 27
380 798
380 1034
380 246
380 1041
381 62
381 27
381 359
382 27
382 888
382 3
383 311
383 27
383 69
384 27
384 1034
384 719
384 600
384 138
385 27
385 782
385 695
386 577
386 62
386 27
386 359
386 6
387 27
387 3
387 1041
388 27
388 229
388 108
388 589
388 130
389 27
389 625
389 322
390 373
390 27
390 108
391 27
391 3
391 40
392 27
392 359
392 1093
392 625
392 265
393 27
393 359
393 695
394 577
394 27
394 789
394 888
394 772
394 3
394 699
394 823
395 27
395 359
395 695
396 27
396 359
396 326
397 577
397 27
397 961
398 27
398 229
398 279
399 155
399 27
399 1093
399 3
400 27
400 1034
400 696
401 27
401 782
401 40
401 929
402 577
402 1019
402 673
402 27
402 229
402 789
402 359
402 1118
402 265
402 1002
402 772
402 3
402 1146
402 1081
403 27
403 429
403 695
404 577
404 27
404 3
404 279
405 577
405 27
405 279
406 27
406 359
406 1028
407 577
407 1019
407 62
407 905
407 27
407 359
407 556
408 62
408 373
408 27
408 695
408 1034
409 27
409 265
409 782
409 1034
409 1029
409 529
410 577
410 333
410 27
411 577
411 27
411 229
411 789
412 577
412 27
412 359
413 27
413 929
413 818
414 577
414 27
414 1122
415 577
415 673
415 27
415 229
415 359
415 265
415 279
415 88
416 577
416 27
416 1002
416 545
416 108
416 912
416 1146
416 366
416 385
416 765
416 578
417 27
417 359
417 156
418 27
418 1029
418 99
419 27
419 246
419 16
420 27
420 108
420 1029
421 27
421 359
421 1106
421 429
421 1029
422 27
422 3
422 478
422 279
423 333
423 27
423 229
423 3
424 577
424 27
424 359
424 625
424 3
424 695
425 905
425 27
425 353
426 62
426 27
426 359
426 265
427 27
427 1106
427 707
428 311
428 27
428 1118
429 27
429 359
429 625
430 577
430 27
430 359
431 27
431 108
431 1029
432 577
432 62
432 905
432 27
432 359
432 108
432 1146
432 1034
432 326
432 87
433 62
433 905
433 27
434 577
434 27
434 789
434 1029
435 62
435 905
435 27
435 79
436 27
436 597
436 883
437 577
437 27
437 1034
438 27
438 1093
438 696
439 577
439 27
439 359
439 695
439 279
440 27
440 3
440 429
440 751
440 1029
440 529
441 62
441 27
441 1034
442 905
442 373
442 27
443 577
443 27
443 761
443 545
444 27
444 1135
444 229
444 1014
444 909
445 27
445 625
445 466
446 27
446 625
446 265
447 27
447 1022
447 359
448 27
448 625
448 265
449 27
449 751
449 1034
450 577
450 523
450 333
450 1019
450 401
450 905
450 373
450 27
450 802
450 359
450 353
450 1014
450 108
450 695
451 577
451 27
451 359
451 625
451 798
452 27
452 625
452 429
453 577
453 27
453 3
454 577
454 27
454 359
455 27
455 229
455 625
455 99
456 577
456 27
456 3
457 62
457 905
457 27
458 844
458 27
458 1022
458 359
458 695
458 1029
458 494
458 1028
458 1066
458 326
458 1081
458 105
459 577
459 155
459 401
459 27
460 577
460 62
460 673
460 27
460 429
460 1041
460 313
461 577
461 155
461 27
461 888
461 265
462 577
462 27
462 359
463 62
463 27
463 625
464 577
464 27
464 802
465 577
465 27
465 707
466 27
466 229
466 789
467 577
467 27
467 3
468 27
468 229
468 789
469 62
469 905
469 27
469 888
470 577
470 27
470 909
471 27
471 625
471 265
472 27
472 625
472 265
473 62
473 373
473 27
473 695
474 27
474 789
474 599
475 577
475 27
475 3
476 62
476 27
476 625
477 27
477 625
477 444
478 577
478 373
478 27
478 888
479 577
479 27
479 625
479 3
480 27
480 1022
480 625
481 577
481 673
481 27
482 62
482 881
482 27
482 789
483 577
483 27
483 1022
483 144
484 577
484 844
484 62
484 401
484 27
484 1022
484 625
484 144
484 3
485 311
485 27
485 69
486 577
486 523
486 333
486 27
486 802
487 577
487 27
487 359
488 27
488 789
488 1022
488 144
489 62
489 27
489 599
490 311
490 27
490 625
491 905
491 27
491 625
492 27
492 789
492 625
493 577
493 401
493 27
493 601
493 1118
494 27
494 229
494 789
494 82
495 246
495 1034
495 418
495 708
496 246
496 1034
496 359
497 246
497 359
497 348
497 577
497 857
497 703
497 795
497 880
497 519
498 1034
498 689
498 246
498 922
498 62
498 780
498 41
498 1052
499 302
499 246
499 1034
500 1034
500 782
500 246
500 359
501 1034
501 246
501 359
501 418
502 246
502 1034
502 993
502 359
502 795
502 150
503 1034
503 246
503 899
504 62
504 246
504 1034
504 795
505 1034
505 246
505 993
505 998
506 859
506 1024
506 451
506 1014
506 510
506 246
506 1034
506 353
507 242
507 95
507 246
507 418
508 326
508 88
508 369
508 424
508 190
508 695
508 773
508 108
508 329
508 102
508 577
508 246
508 1034
509 490
509 949
509 246
509 998
509 418
510 690
510 246
510 564
511 34
511 219
511 31
511 246
511 1034
512 34
512 207
512 1034
512 246
513 426
513 1034
513 246
513 689
513 1060
513 170
513 31
513 42
514 426
514 246
514 1034
514 689
514 1060
514 170
514 31
514 42
515 1034
515 246
515 418
515 1029
516 577
516 1019
516 359
516 625
516 246
516 1076
517 577
517 246
517 211
517 368
518 1034
518 246
518 418
518 998
519 881
519 1034
519 246
519 211
519 418
519 886
519 996
519 689
520 1034
520 246
520 418
520 998
521 359
521 1034
521 246
522 1034
522 246
522 993
522 689
523 577
523 246
523 383
523 369
523 1015
523 553
523 975
524 246
524 112
524 925
525 1034
525 246
525 63
525 369
525 689
526 246
526 862
526 418
526 1069
526 568
526 392
526 25
526 708
526 112
526 157
526 446
526 114
526 992
526 382
526 384
526 443
526 406
526 602
526 963
526 904
526 1099
526 221
527 1034
527 246
527 565
527 418
528 1146
528 246
528 351
529 359
529 1034
529 246
529 569
530 359
530 246
530 1036
531 246
531 340
531 684
532 62
532 359
532 246
533 401
533 1034
533 246
533 418
533 795
533 689
533 998
534 359
534 1034
534 246
535 246
535 1023
535 946
536 1034
536 246
536 369
537 246
537 369
537 550
538 359
538 1034
538 246
538 87
538 920
538 213
538 395
538 1121
538 993
538 340
538 168
538 938
538 18
538 247
539 577
539 246
539 340
540 373
540 359
540 668
540 701
540 246
540 565
541 359
541 1034
541 246
541 1051
541 993
541 1005
541 340
541 684
541 689
541 998
542 166
542 246
542 1048
542 115
542 486
542 1052
542 340
542 29
542 1013
543 246
543 464
543 550
543 684
544 577
544 359
544 246
544 993
545 62
545 246
545 340
546 359
546 1034
546 246
546 795
546 388
546 689
547 359
547 246
547 708
548 246
548 970
548 369
549 1034
549 246
549 970
549 843
550 577
550 881
550 401
550 905
550 359
550 668
550 510
550 782
550 246
550 88
550 703
550 418
550 1051
550 713
550 150
550 63
550 309
550 970
550 362
550 1110
550 619
550 1060
550 369
550 843
550 971
550 993
550 752
550 170
550 632
550 384
550 174
550 949
550 77
550 996
550 42
550 852
550 968
551 246
551 550
551 234
551 851
552 359
552 1034
552 246
552 569
553 246
553 670
553 234
554 577
554 359
554 1034
554 246
555 905
555 373
555 359
555 108
555 246
555 569
556 246
556 952
556 368
557 961
557 246
557 112
558 1034
558 589
558 246
558 964
559 246
559 608
559 334
560 310
560 932
560 1034
560 246
561 359
561 246
561 388
562 523
562 1034
562 246
562 1076
562 794
563 246
563 993
563 76
564 673
564 668
564 1034
564 246
564 104
564 434
564 887
564 569
564 369
564 559
564 746
564 368
564 1062
564 241
564 17
564 206
565 108
565 589
565 246
565 717
566 69
566 246
566 418
566 684
566 689
567 1034
567 1113
567 246
567 1069
567 708
567 481
567 369
567 157
567 1050
568 577
568 359
568 246
569 246
569 88
569 369
570 1034
570 246
570 369
571 1034
571 246
571 369
571 993
572 577
572 401
572 359
572 246
572 795
573 601
573 246
573 1076
573 1061
574 1034
574 246
574 418
574 476
575 373
575 1034
575 246
575 1051
575 609
576 246
576 224
576 600
577 359
577 1034
577 246
578 373
578 1034
578 246
579 62
579 246
579 774
579 349
580 359
580 1034
580 246
580 400
580 741
580 472
581 668
581 701
581 246
581 74
581 340
581 684
582 246
582 970
582 843
582 874
583 246
583 593
583 112
584 246
584 294
584 63
584 1042
584 843
585 1034
585 246
585 970
585 843
586 1034
586 246
586 970
586 843
587 246
587 970
587 843
588 1034
588 246
588 970
588 843
589 1034
589 246
589 970
589 843
590 1034
590 246
590 970
590 843
591 1034
591 246
591 970
591 843
592 1034
592 246
592 970
592 843
592 550
593 1034
593 246
593 970
593 843
594 1034
594 246
594 970
594 843
595 1034
595 246
595 970
595 843
596 1034
596 246
596 970
596 843
597 1034
597 246
597 970
597 843
598 246
598 970
598 843
599 1034
599 246
599 970
599 843
600 577
600 359
600 246
600 418
600 719
600 369
600 611
600 1050
600 295
600 993
600 340
601 62
601 359
601 108
601 1034
601 589
601 246
601 464
601 720
601 254
602 246
602 245
602 970
602 843
603 1034
603 246
603 63
603 112
603 507
603 925
603 340
604 577
604 222
604 668
604 699
604 246
604 106
604 678
604 610
604 368
604 776
605 577
605 401
605 668
605 246
605 1051
605 150
605 708
605 190
605 369
605 993
605 248
605 174
606 359
606 1034
606 246
606 224
606 868
606 481
606 946
607 589
607 246
607 993
608 577
608 401
608 359
608 668
608 246
608 862
608 703
608 1051
608 795
608 708
608 369
608 157
608 1119
608 114
608 752
608 778
608 443
609 246
609 762
609 334
610 359
610 246
610 920
610 141
610 395
610 168
611 246
611 63
611 100
612 246
612 34
612 790
613 359
613 1034
613 246
613 330
613 63
614 577
614 13
614 804
614 1034
614 103
614 246
614 318
614 892
614 95
614 259
614 612
614 920
614 708
614 112
614 546
614 569
614 567
614 241
614 985
614 1074
615 577
615 1038
615 246
615 396
615 59
615 609
615 259
616 668
616 246
616 418
616 1048
616 369
616 611
616 295
616 1005
616 340
616 234
617 577
617 1034
617 246
617 703
617 475
617 369
617 993
618 359
618 1034
618 246
618 1051
618 868
618 481
618 369
618 1050
618 208
618 993
618 778
619 246
619 970
619 843
620 695
620 1034
620 246
620 326
620 418
620 1051
620 532
620 803
620 334
620 354
620 190
620 1043
620 538
620 611
620 453
620 507
620 684
621 782
621 1034
621 246
621 418
621 1048
621 295
622 359
622 701
622 1034
622 246
622 820
623 359
623 246
623 703
623 500
624 246
624 732
624 575
625 1034
625 246
625 418
625 95
625 87
626 62
626 246
626 259
626 340
627 246
627 87
627 569
628 246
628 970
628 843
629 577
629 359
629 625
629 1034
629 589
629 246
629 88
629 619
629 1037
630 844
630 905
630 1034
630 246
630 1041
631 1034
631 246
631 970
632 577
632 359
632 246
632 351
632 87
633 1034
633 589
633 246
634 601
634 108
634 589
634 246
634 717
635 668
635 701
635 1034
635 246
635 123
636 62
636 246
636 351
637 577
637 359
637 82
637 246
637 88
637 1081
637 87
637 369
637 1050
638 577
638 359
638 246
638 88
638 1081
638 608
638 87
638 369
638 1050
639 246
639 496
639 631
640 412
640 108
640 1034
640 246
640 892
640 63
640 637
641 1034
641 246
641 892
641 369
642 577
642 62
642 359
642 246
643 246
643 920
643 141
644 770
644 246
644 920
644 141
644 395
644 1091
644 550
645 510
645 246
645 334
645 1044
646 359
646 1034
646 1029
646 246
647 577
647 905
647 359
647 1034
647 246
647 920
648 577
648 359
648 1034
648 246
648 88
648 719
648 106
648 369
648 1030
648 258
649 1034
649 246
649 1041
649 63
650 246
650 1076
650 569
651 246
651 652
651 112
652 802
652 246
652 87
652 569
653 1034
653 246
653 1076
653 795
653 136
654 844
654 1034
654 246
654 63
655 577
655 1034
655 246
656 905
656 1034
656 1029
656 246
656 607
656 190
657 246
657 351
657 944
657 989
658 1034
658 246
658 63
659 246
659 63
659 893
660 577
660 373
660 359
660 246
661 99
661 246
661 1004
661 22
662 577
662 401
662 359
662 668
662 1034
662 246
662 418
662 159
662 33
663 62
663 246
663 630
664 577
664 359
664 246
664 862
664 330
664 703
664 667
664 807
664 920
664 141
664 1091
665 373
665 246
665 1136
666 246
666 1041
666 334
667 246
667 330
667 334
668 246
668 334
668 488
669 555
669 391
669 246
670 246
670 224
670 1041
670 87
670 569
671 359
671 740
671 1034
671 246
671 351
671 868
671 1112
671 334
672 401
672 246
672 1112
672 920
672 141
673 359
673 740
673 701
673 1034
673 246
673 640
673 1112
673 337
673 1036
673 830
674 577
674 401
674 373
674 359
674 108
674 695
674 1034
674 589
674 835
674 246
674 578
674 1076
674 194
674 719
674 190
675 1034
675 246
675 418
676 577
676 62
676 401
676 802
676 359
676 740
676 246
676 1076
676 351
676 569
677 246
677 294
677 1049
678 1034
678 246
678 970
679 401
679 1034
679 246
679 1076
679 63
680 246
680 112
680 925
680 340
681 577
681 844
681 555
681 668
681 246
681 1076
681 1055
681 418
681 1056
681 719
681 1048
681 704
681 150
681 1112
681 369
681 796
682 668
682 246
682 1112
682 920
682 652
683 577
683 523
683 881
683 802
683 804
683 359
683 668
683 498
683 312
683 1034
683 246
683 1076
683 703
683 1055
683 271
683 418
683 719
683 892
683 33
683 278
683 1110
683 190
683 569
683 726
684 246
684 63
684 259
685 3
685 246
685 279
686 802
686 359
686 246
686 202
687 1034
687 246
687 719
687 920
688 1034
688 246
688 719
688 920
689 577
689 246
689 920
689 232
690 577
690 246
690 334
691 577
691 401
691 359
691 246
691 1076
691 868
692 62
692 905
692 359
692 246
692 351
693 359
693 246
693 224
694 246
694 330
694 1041
694 920
694 652
695 373
695 802
695 695
695 246
695 1076
695 1129
695 95
696 577
696 1019
696 62
696 246
696 613
697 789
697 625
697 246
698 577
698 246
698 630
699 246
699 294
699 334
700 707
700 246
700 920
700 898
701 359
701 246
701 202
701 131
702 246
702 334
702 355
703 246
703 294
703 334
704 577
704 401
704 359
704 668
704 1034
704 246
704 1076
705 523
705 246
705 1051
705 920
706 246
706 983
706 920
707 62
707 905
707 246
707 871
708 401
708 246
708 365
708 807
709 881
709 1106
709 246
709 593
710 577
710 401
710 246
710 205
710 87
711 577
711 246
711 920
712 625
712 39
712 246
712 294
713 668
713 246
713 803
714 1014
714 510
714 1034
714 246
714 1116
715 401
715 246
715 1076
715 1051
715 351
715 22
716 1034
716 246
716 903
717 311
717 69
717 1034
717 246
717 591
718 333
718 502
718 336
718 850
718 675
718 1034
718 156
718 1028
718 246
718 1076
718 540
718 511
718 1143
718 614
718 703
718 374
718 984
718 356
718 945
718 360
718 892
718 75
718 129
718 808
718 387
719 577
719 246
719 892
719 351
719 612
720 577
720 905
720 246
720 211
720 205
720 365
720 87
720 159
720 190
720 569
720 871
721 577
721 155
721 62
721 673
721 802
721 359
721 668
721 701
721 246
721 313
721 1116
721 808
721 87
721 1011
722 601
722 108
722 1034
722 589
722 246
722 1056
722 1064
723 373
723 39
723 108
723 246
723 326
724 577
724 39
724 246
725 577
725 246
725 762
726 577
726 373
726 246
727 577
727 246
727 796
728 577
728 62
728 881
728 401
728 804
728 359
728 668
728 1034
728 246
728 578
728 1076
728 88
728 1051
728 892
729 401
729 321
729 246
729 1076
730 577
730 401
730 359
730 668
730 166
730 246
730 1076
730 862
730 15
731 835
731 246
731 1051
732 577
732 401
732 905
732 359
732 668
732 246
732 882
732 418
732 427
733 577
733 401
733 359
733 246
733 882
733 418
733 427
734 1118
734 246
734 15
735 246
735 882
735 15
735 1051
735 892
736 577
736 401
736 905
736 359
736 668
736 1034
736 246
736 882
736 418
736 719
736 427
737 155
737 246
737 974
738 577
738 401
738 1034
738 246
738 1076
738 418
738 892
739 1019
739 401
739 668
739 246
740 155
740 401
740 359
740 668
740 99
740 246
740 1076
740 418
740 1115
740 1051
740 892
741 246
741 882
741 15
742 802
742 359
742 246
743 577
743 1034
743 246
743 719
744 246
744 570
744 15
745 905
745 802
745 510
745 782
745 858
745 961
745 246
745 565
745 230
746 577
746 1034
746 246
746 16
747 523
747 1019
747 401
747 373
747 932
747 246
747 1082
747 488
748 577
748 155
748 401
748 359
748 668
748 246
748 1076
748 418
748 1115
749 246
749 1057
749 250
750 401
750 982
750 246
751 577
751 1034
751 246
752 62
752 1034
752 1009
752 246
752 105
752 361
753 359
753 1034
753 703
753 263
754 406
754 1034
754 373
754 150
754 359
755 359
755 868
755 123
755 53
756 868
756 895
756 359
756 123
756 958
756 8
756 1123
757 626
757 150
757 74
757 730
757 359
758 954
758 87
758 359
758 569
758 566
758 514
759 359
759 150
759 74
759 453
760 359
760 668
760 1034
761 359
761 1036
761 634
762 577
762 62
762 359
762 1146
763 359
763 190
763 550
763 995
763 946
763 948
763 561
763 648
764 359
764 668
764 701
764 1034
764 703
764 150
764 263
765 359
765 1051
765 569
765 993
765 880
766 359
766 640
766 820
767 359
767 668
767 1020
767 150
767 186
767 48
768 359
768 668
768 340
769 359
769 668
769 1011
770 359
770 668
770 701
771 373
771 359
771 569
772 359
772 1034
772 340
773 359
773 668
773 701
773 211
773 224
773 1011
773 74
774 359
774 701
774 460
774 63
775 359
775 668
775 970
775 161
775 685
775 990
776 359
776 1140
776 113
776 569
777 359
777 150
777 74
777 453
778 359
778 108
778 703
778 78
778 1
778 179
778 201
779 359
779 668
779 161
780 359
780 150
780 134
780 684
780 263
781 62
781 359
781 868
781 841
781 946
782 359
782 1146
782 211
782 351
782 1116
783 359
783 161
783 946
784 577
784 881
784 359
784 782
784 578
784 230
784 1048
784 609
784 408
785 359
785 1034
785 1058
785 340
785 1107
785 592
786 577
786 359
786 120
786 24
786 703
786 745
786 920
786 1137
786 212
786 993
786 263
787 577
787 359
787 120
787 24
787 703
787 427
787 745
787 920
787 212
787 993
787 839
787 263
787 1083
788 359
788 668
788 74
789 577
789 359
789 1035
790 359
790 946
790 512
791 359
791 63
791 388
792 359
792 701
792 150
793 62
793 905
793 359
793 166
793 38
793 923
793 361
793 299
793 694
793 1090
793 942
794 373
794 359
794 233
795 359
795 668
795 1029
795 884
795 140
796 62
796 601
796 359
796 1034
796 371
796 528
797 359
797 263
797 703
797 150
797 62
798 577
798 359
798 120
798 108
798 1034
798 578
798 427
799 359
799 695
799 583
800 359
800 1034
800 190
800 569
801 359
801 668
801 909
802 359
802 668
802 150
803 577
803 359
803 701
803 205
803 939
803 63
803 569
803 643
804 373
804 359
804 190
804 340
804 684
805 373
805 359
805 190
805 1030
805 995
806 359
806 108
806 1034
806 703
806 1058
807 359
807 668
807 334
808 359
808 668
808 123
808 820
809 359
809 668
809 175
810 359
810 63
810 388
811 359
811 668
811 784
812 62
812 905
812 359
812 668
812 701
813 359
813 668
813 1034
813 63
814 577
814 373
814 359
814 569
815 359
815 1034
815 414
816 577
816 62
816 359
816 224
816 205
816 1021
817 888
817 359
817 668
818 62
818 359
818 1034
819 359
819 668
819 589
819 830
819 123
820 359
820 668
820 334
821 62
821 359
821 640
822 359
822 336
822 668
822 156
822 89
823 359
823 668
823 574
823 830
823 890
824 359
824 668
824 701
824 334
824 884
825 905
825 359
825 87
826 373
826 359
826 668
826 707
826 1034
826 961
826 884
827 802
827 359
827 1076
828 333
828 401
828 359
829 359
829 640
829 569
830 359
830 668
830 63
831 62
831 359
831 668
831 1034
831 460
831 1108
832 359
832 668
832 707
832 334
833 577
833 401
833 359
833 1124
833 1031
834 373
834 802
834 359
834 1146
834 569
835 62
835 359
835 1009
835 105
835 749
835 1021
835 398
836 62
836 373
836 359
836 668
836 701
836 1034
836 149
836 337
836 979
837 359
837 211
837 703
837 224
837 719
837 808
837 87
838 359
838 151
838 578
838 230
838 570
838 493
838 253
838 452
838 214
838 737
838 133
838 971
838 285
839 359
839 310
839 330
840 577
840 62
840 359
840 256
840 1034
840 476
841 577
841 359
841 184
842 577
842 1019
842 401
842 373
842 359
842 1034
842 1076
843 577
843 359
843 224
844 62
844 359
844 460
844 351
845 577
845 1019
845 673
845 373
845 802
845 359
845 1057
845 892
845 20
845 612
845 131
846 359
846 1034
846 460
846 1116
846 808
847 577
847 62
847 359
847 668
847 108
847 589
847 1025
847 823
847 704
847 55
847 803
848 359
848 552
848 1048
848 115
849 359
849 1113
849 1041
849 334
850 359
850 668
850 460
850 704
850 351
851 373
851 359
851 1029
852 577
852 881
852 502
852 359
852 120
852 545
852 151
852 312
852 966
852 1034
852 142
852 1006
852 578
852 24
852 703
852 570
852 779
852 374
852 271
852 15
852 1056
852 659
852 360
852 704
852 892
852 427
852 745
852 129
852 796
853 62
853 905
853 359
853 270
854 577
854 359
854 537
854 973
854 224
855 62
855 359
855 640
856 359
856 740
856 1029
857 62
857 359
857 668
857 460
858 359
858 668
858 640
858 460
859 577
859 359
859 640
860 62
860 905
860 373
860 359
860 1009
861 577
861 802
861 359
862 359
862 156
862 330
863 359
863 1143
863 703
863 945
864 359
864 668
864 1025
864 578
865 905
865 373
865 802
865 359
865 39
865 740
865 487
865 132
865 589
866 359
866 668
866 1025
866 578
867 802
867 359
867 156
867 897
868 577
868 789
868 802
868 359
869 577
869 1019
869 359
870 577
870 601
870 359
870 449
870 668
870 108
870 589
871 373
871 359
871 740
871 862
871 667
872 62
872 359
872 1025
872 460
873 577
873 359
873 668
874 577
874 673
874 373
874 802
874 359
874 668
874 740
874 53
874 460
875 673
875 905
875 359
875 916
875 344
875 589
875 1025
876 62
876 1087
876 359
876 103
877 359
877 1146
877 589
877 1076
878 577
878 1019
878 359
878 668
878 326
879 577
879 523
879 401
879 359
879 1146
879 1076
880 359
880 668
880 701
881 577
881 359
881 336
881 1034
881 156
882 577
882 802
882 359
882 336
882 740
883 62
883 905
883 359
883 1034
884 577
884 523
884 1022
884 359
884 929
885 577
885 62
885 905
885 359
886 577
886 359
886 336
886 740
886 156
886 1143
886 897
887 577
887 373
887 802
887 359
887 740
888 577
888 62
888 401
888 905
888 373
888 802
888 359
888 310
888 270
888 1076
889 577
889 359
889 740
889 1143
890 1019
890 359
890 740
891 359
891 675
891 1028
891 897
892 1019
892 802
892 359
893 577
893 1019
893 359
893 668
894 577
894 62
894 881
894 373
894 802
894 359
894 782
895 577
895 62
895 359
896 62
896 905
896 359
896 270
897 577
897 359
897 1002
898 577
898 359
898 1028
899 577
899 1019
899 62
899 401
899 905
899 359
900 577
900 789
900 359
900 625
900 699
900 391
900 823
901 577
901 62
901 359
901 668
901 701
902 577
902 359
902 336
902 740
902 589
903 62
903 359
903 858
904 577
904 359
904 120
904 151
904 966
904 1034
904 49
904 578
904 862
904 230
904 570
905 577
905 62
905 359
906 577
906 1019
906 359
907 577
907 359
907 385
908 62
908 802
908 359
909 1019
909 62
909 401
909 905
909 869
909 359
909 336
909 900
909 833
909 444
909 1029
909 1009
910 359
910 336
910 1028
911 359
911 53
911 707
912 359
912 336
912 675
913 62
913 802
913 359
913 740
914 577
914 62
914 359
914 668
915 577
915 222
915 1019
915 62
915 401
915 905
915 1144
915 359
915 1118
915 740
916 577
916 1019
916 62
916 359
916 336
916 740
917 577
917 789
917 359
917 1002
918 577
918 1019
918 62
918 359
918 668
918 599
918 701
919 577
919 401
919 359
920 578
920 577
920 1034
920 844
921 577
921 1034
921 340
921 578
921 1029
921 186
921 737
921 877
921 783
921 671
922 577
922 464
922 1042
923 577
923 373
923 199
923 630
923 619
923 700
924 577
924 668
924 1034
925 577
925 993
925 880
926 577
926 330
926 87
927 577
927 1034
927 880
928 577
928 881
928 695
928 1034
928 851
929 577
929 373
929 1146
930 577
930 802
930 1034
930 606
930 190
930 569
930 611
931 577
931 1034
931 593
932 577
932 695
932 190
932 569
932 528
933 577
933 120
933 1034
933 578
933 427
934 577
934 1034
934 578
934 1048
934 334
935 577
935 62
935 351
936 577
936 62
936 351
937 577
937 62
937 351
938 577
938 844
938 265
939 577
939 1118
939 265
939 279
939 974
940 577
940 108
940 1034
940 719
941 577
941 668
941 691
942 577
942 120
942 545
942 894
942 1006
942 768
942 578
942 427
942 745
943 577
943 740
943 87
944 577
944 120
944 707
944 1034
945 577
945 668
945 351
946 577
946 1034
946 1056
946 719
946 290
946 427
947 577
947 1025
947 516
948 577
948 1025
948 516
949 577
949 1019
949 373
949 802
949 371
950 577
950 155
950 802
950 1029
950 537
951 577
951 62
951 802
951 39
952 577
952 229
952 3
953 577
953 789
953 265
954 577
954 562
954 929
955 577
955 1019
955 401
956 577
956 912
956 578
957 577
957 155
957 835
958 577
958 673
958 789
959 577
959 1128
959 707
960 577
960 673
960 883
961 577
961 401
961 227
962 577
962 155
962 789
963 577
963 401
963 833
964 577
964 357
964 740
964 912
964 966
965 577
965 1019
965 62
965 668
965 284
966 577
966 1019
966 62
966 401
966 905
966 373
966 802
966 321
966 370
967 577
967 155
967 229
967 802
967 1118
967 265
967 487
968 577
968 401
968 545
969 577
969 401
969 229
969 771
969 625
969 310
970 577
970 1019
970 401
970 802
970 39
971 577
971 1019
971 555
972 577
972 502
972 627
972 120
973 577
973 62
973 401
973 373
973 802
974 577
974 155
974 62
974 401
975 577
975 62
975 401
976 895
976 123
976 454
976 1034
976 689
977 1017
977 967
977 57
977 830
977 972
977 631
977 668
977 962
977 1034
977 576
977 484
977 1094
977 85
977 182
977 200
977 588
977 525
978 373
978 1034
978 894
978 334
978 35
979 1034
979 190
979 314
979 695
979 699
979 509
979 499
980 1034
980 340
980 413
981 1034
981 418
981 419
982 1034
982 339
982 684
983 1034
983 589
983 418
983 957
984 1034
984 340
984 684
984 472
985 1034
985 765
985 418
985 402
985 369
986 1053
986 1034
986 464
986 369
986 295
987 373
987 1034
987 400
987 1030
988 1034
988 589
988 99
988 970
988 1042
988 717
988 29
989 1034
989 970
989 1042
989 403
990 1034
990 369
990 1050
990 66
991 1034
991 369
991 1050
992 62
992 1034
992 340
993 1034
993 525
993 628
993 1007
994 1034
994 418
994 652
994 933
994 689
995 1034
995 150
995 189
995 911
995 340
995 684
996 1034
996 970
996 843
997 1034
997 970
997 843
998 1034
998 334
998 340
999 1034
999 334
999 970
1000 1034
1000 970
1000 843
1001 1034
1001 334
1001 970
1002 1034
1002 970
1002 843
1003 62
1003 1034
1003 123
1004 62
1004 668
1004 695
1004 1034
1004 640
1004 460
1004 532
1004 190
1004 899
1004 319
1004 884
1004 123
1004 289
1004 684
1004 174
1005 1034
1005 190
1005 0
1006 108
1006 1034
1006 589
1007 1034
1007 184
1007 213
1007 600
1007 190
1008 798
1008 1034
1008 271
1008 815
1008 418
1008 719
1008 33
1009 844
1009 707
1009 1047
1009 1034
1009 360
1009 290
1010 668
1010 1034
1010 1084
1010 808
1011 1034
1011 290
1011 1147
1012 707
1012 1034
1012 984
1012 815
1012 719
1013 1034
1013 960
1013 834
1014 62
1014 1034
1014 1009
1014 105
1015 668
1015 707
1015 1034
1016 229
1016 1034
1016 99
1017 62
1017 282
1017 1009
1018 311
1018 62
1018 905
1018 306
1018 571
1018 593
1019 62
1019 629
1019 1090
1019 650
1019 593
1020 62
1020 629
1020 1090
1020 593
1020 364
1021 609
1021 90
1021 62
1021 1052
1022 62
1022 905
1022 166
1022 1013
1023 62
1023 59
1023 351
1023 259
1024 62
1024 59
1024 259
1025 311
1025 62
1025 905
1025 541
1025 591
1025 67
1025 36
1025 860
1025 261
1025 936
1025 375
1026 62
1026 166
1026 361
1026 870
1026 1013
1027 62
1027 905
1027 166
1028 844
1028 311
1028 62
1028 905
1028 69
1028 529
1028 593
1028 70
1028 306
1028 571
1028 364
1028 636
1028 67
1028 36
1028 262
1028 216
1028 860
1028 101
1028 1079
1028 825
1029 62
1029 1009
1029 73
1029 977
1029 92
1030 62
1030 1009
1030 105
1030 1090
1030 870
1030 97
1031 62
1031 213
1031 1042
1031 550
1031 684
1032 62
1032 1084
1032 528
1033 333
1033 62
1033 668
1033 337
1033 979
1033 74
1034 62
1034 334
1034 995
1035 62
1035 695
1035 1076
1035 326
1035 532
1035 190
1035 1030
1036 844
1036 62
1036 190
1037 62
1037 1009
1037 105
1038 62
1038 657
1038 351
1039 62
1039 589
1039 569
1040 62
1040 869
1040 1009
1040 361
1041 62
1041 905
1041 1009
1042 311
1042 62
1042 905
1042 69
1042 1029
1042 529
1043 62
1043 373
1043 695
1043 1041
1043 868
1044 62
1044 905
1044 868
1045 62
1045 166
1045 99
1045 987
1045 816
1046 62
1046 905
1046 869
1046 108
1046 1029
1046 270
1046 607
1046 361
1046 299
1047 62
1047 695
1047 326
1047 608
1048 62
1048 905
1048 589
1048 1009
1049 62
1049 905
1049 1041
1050 62
1050 1029
1050 926
1051 62
1051 905
1051 166
1052 62
1052 396
1052 59
1053 62
1053 905
1053 166
1054 62
1054 905
1054 923
1055 62
1055 905
1055 166
1056 62
1056 905
1056 923
1057 62
1057 401
1057 982
1057 1076
1058 62
1058 869
1058 166
1058 270
1058 361
1059 62
1059 905
1059 310
1059 695
1059 1029
1059 1009
1059 361
1060 62
1060 869
1060 166
1060 270
1060 272
1061 62
1061 905
1061 802
1062 62
1062 905
1062 166
1063 62
1063 695
1063 589
1063 326
1064 62
1064 53
1064 341
1065 62
1065 905
1065 869
1065 361
1066 62
1066 412
1066 1029
1067 62
1067 905
1067 923
1068 62
1068 707
1068 103
1069 62
1069 401
1069 373
1070 62
1070 905
1070 869
1070 166
1071 62
1071 789
1071 668
1071 740
1072 62
1072 601
1072 1144
1073 844
1073 62
1073 905
1073 108
1073 836
1073 1131
1074 62
1074 905
1074 869
1074 166
1075 62
1075 905
1075 166
1076 62
1076 1025
1076 371
1076 640
1077 62
1077 905
1077 802
1078 62
1078 601
1078 166
1079 970
1079 843
1079 403
1080 970
1080 692
1080 197
1081 589
1081 970
1081 717
1081 1080
1081 327
1082 464
1082 315
1082 970
1082 1042
1082 830
1082 843
1082 814
1082 729
1082 403
1082 715
1083 970
1083 843
1083 298
1084 265
1084 88
1084 970
1084 368
1085 970
1085 843
1085 996
1086 603
1086 115
1086 970
1087 334
1087 970
1087 843
1088 970
1088 843
1088 550
1089 970
1089 843
1089 550
1090 334
1090 970
1090 843
1091 334
1091 970
1091 843
1092 970
1092 843
1092 550
1093 334
1093 970
1093 843
1094 334
1094 970
1094 843
1095 334
1095 970
1095 843
1096 334
1096 970
1096 843
1097 151
1097 970
1097 843
1098 151
1098 970
1098 843
1099 88
1099 970
1099 1015
1100 970
1100 843
1100 524
1101 770
1101 970
1101 291
1102 970
1102 1100
1102 369
1103 970
1103 1042
1103 843
1104 970
1104 598
1104 292
1105 668
1105 970
1105 1043
1105 453
1106 199
1106 970
1106 843
1107 970
1107 843
1107 403
1108 864
1108 970
1108 1042
1108 550
1109 1111
1109 407
1109 970
1110 782
1110 334
1110 970
1111 334
1111 970
1111 843
1112 510
1112 451
1112 782
1112 970
1113 668
1113 74
1113 730
1114 668
1114 1020
1114 74
1114 485
1115 333
1115 668
1115 701
1115 87
1115 337
1115 1011
1115 1138
1115 340
1116 668
1116 3
1116 619
1117 668
1117 1116
1117 123
1117 528
1118 668
1118 1043
1118 453
1119 668
1119 701
1119 630
1120 668
1120 74
1120 123
1121 668
1121 74
1121 123
1122 668
1122 701
1122 460
1123 668
1123 460
1123 979
1124 64
1124 31
1124 198
1124 971
1124 151
1124 108
1124 557
1124 136
1124 645
1124 489
1124 1042
1124 323
1124 843
1124 831
1125 108
1125 328
1125 843
1125 763
1125 304
1126 229
1126 927
1126 184
1127 229
1127 139
1127 386
1128 229
1128 498
1128 444
1128 386
1129 229
1129 498
1129 444
1129 552
1129 19
1129 386
1130 229
1130 789
1130 3
1131 229
1131 3
1131 483
1132 229
1132 498
1132 817
1133 401
1133 373
1133 932
1133 228
1133 612
1133 569
1134 401
1134 802
1134 310
1135 1019
1135 401
1135 1104
1136 401
1136 982
1136 385
1136 270
1136 1076
1137 1019
1137 401
1137 373
1137 802
1138 523
1138 1019
1138 401
1139 812
1139 401
1139 533
1139 385
1139 1076
1140 401
1140 982
1140 615
1141 401
1141 373
1141 802
1141 310
1141 1082
1142 844
1142 311
1142 401
1142 905
1142 69
1142 1053
1142 695
1142 931
1143 401
1143 373
1143 802
1143 336
1143 740
1143 487
1143 558
1144 13
1144 1019
1144 401
1144 373
1144 802
1144 533
1144 370
1145 510
1145 56
1145 334
1145 276
1146 1041
1146 334
1146 1007
1147 245
1147 334
1147 569
1147 995
1147 594
1148 243
1148 334
1148 1136
1149 510
1149 334
1149 1044
1150 510
1150 334
1150 1133
1151 1113
1151 1041
1151 294
1151 334
1152 373
1152 330
1152 334
1153 3
1153 87
1153 369
1153 956
1154 222
1154 369
1154 340
1154 450
1155 782
1155 565
1155 230
1155 56
1155 475
1155 899
1155 369
1155 295
1155 971
1155 251
1156 418
1156 976
1156 369
1157 63
1157 637
1157 369
1157 34
1158 707
1158 249
1158 442
1159 707
1159 984
1159 1109
1160 523
1160 707
1160 1041
1161 523
1161 707
1161 638
1162 1128
1162 707
1162 589
1163 707
1163 1113
1163 961
1164 905
1164 707
1164 589
1165 78
1165 32
1165 708
1165 468
1165 515
1165 769
1165 266
1165 46
1165 11
1165 108
1165 738
1165 618
1166 108
1166 727
1166 738
1166 644
1166 1027
1166 225
1166 14
1166 623
1166 672
1167 971
1167 251
1167 151
1167 108
1167 133
1167 367
1167 606
1167 919
1168 108
1168 202
1168 800
1169 108
1169 589
1169 391
1169 340
1169 579
1169 725
1170 151
1170 108
1170 133
1170 971
1170 251
1171 108
1171 763
1171 971
1171 584
1172 108
1172 589
1172 1041
1172 1133
1173 108
1173 589
1173 1041
1173 294
1173 351
1173 87
1174 534
1174 770
1174 108
1174 589
1174 864
1175 3
1175 108
1175 82
1175 589
1175 399
1176 353
1176 108
1176 1047
1177 491
1177 236
1177 695
1177 687
1178 695
1178 187
1178 1003
1178 484
1178 689
1178 548
1179 695
1179 1029
1179 609
1179 259
1179 190
1179 528
1179 340
1180 695
1180 326
1180 294
1181 373
1181 802
1181 695
1181 754
1181 1009
1181 366
1181 326
1181 226
1181 719
1181 837
1182 523
1182 1019
1182 373
1182 1087
1182 802
1182 601
1182 1144
1182 900
1182 1105
1182 740
1182 833
1182 695
1182 1009
1182 103
1182 145
1182 307
1182 270
1183 523
1183 1019
1183 373
1183 1087
1183 802
1183 601
1183 1144
1183 900
1183 1105
1183 833
1183 695
1183 1009
1183 103
1183 145
1183 307
1184 881
1184 373
1184 850
1184 695
1185 3
1185 351
1185 736
1185 98
1185 26
1186 222
1186 3
1186 476
1186 827
1187 222
1187 3
1187 476
1187 1127
1187 522
1188 1093
1188 1118
1188 3
1188 99
1188 88
1189 789
1189 1118
1189 3
1190 793
1190 580
1190 87
1191 701
1191 87
1191 884
1192 87
1192 1036
1192 74
1192 544
1193 87
1193 249
1193 988
1193 442
1194 1041
1194 657
1194 87
1194 784
1195 971
1195 151
1195 711
1195 251
1195 133
1195 268
1195 999
1195 584
1195 822
1195 381
1196 151
1196 971
1196 251
1197 151
1197 961
1197 230
1197 971
1198 881
1198 555
1198 151
1199 905
1199 589
1199 361
1200 845
1200 589
1200 698
1201 802
1201 336
1201 39
1201 740
1201 545
1201 487
1201 1146
1201 589
1201 156
1201 878
1201 1140
1201 270
1202 373
1202 802
1202 569
1202 378
1203 213
1203 569
1203 952
1203 1127
1203 723
1204 802
1204 520
1204 569
1205 802
1205 520
1205 569
1206 802
1206 520
1206 569
1207 310
1207 503
1207 569
1207 1088
1208 113
1208 351
1208 569
1209 373
1209 802
1209 135
1209 569
1209 564
1209 938
1210 166
1210 361
1210 569
1211 802
1211 487
1211 569
1211 952
1211 479
1212 224
1212 1041
1212 569
1213 31
1213 1051
1213 689
1213 418
1214 418
1214 1005
1214 340
1215 9
1215 418
1215 63
1216 222
1216 418
1216 476
1216 827
1216 951
1217 932
1217 228
1217 418
1217 95
1218 993
1218 495
1218 674
1218 778
1218 1071
1219 1037
1219 88
1219 329
1220 88
1220 610
1220 346
1221 1041
1221 190
1221 124
1221 1068
1221 191
1221 377
1221 532
1222 464
1222 582
1222 190
1223 927
1223 184
1223 879
1223 190
1223 281
1224 211
1224 1041
1224 190
1224 554
1224 917
1224 160
1225 789
1225 625
1225 265
1226 789
1226 625
1226 265
1226 616
1226 434
1227 802
1227 449
1227 336
1227 265
1227 740
1227 385
1228 789
1228 625
1228 265
1229 789
1229 1118
1229 265
1230 373
1230 279
1230 326
1231 1005
1231 340
1231 684
1232 1041
1232 294
1232 1005
1232 340
1233 222
1233 828
1233 128
1234 222
1234 572
1234 476
1234 827
1234 951
1234 450
1234 1127
1234 522
1235 222
1235 673
1235 99
1235 1004
1235 351
1235 484
1236 222
1236 373
1236 476
1237 222
1237 740
1237 326
1238 155
1238 673
1238 1093
1238 1146
1239 155
1239 673
1239 802
1239 1093
1239 357
1240 673
1240 357
1240 625
1241 673
1241 789
1241 1128
1241 782
1242 330
1242 292
1242 1088
1243 330
1243 995
1243 682
1244 1075
1244 456
1244 782
1245 782
1245 1048
1245 295
1246 782
1246 935
1246 565
1246 760
1246 1048
1246 295
1246 44
1247 782
1247 1048
1247 295
1247 251
1248 782
1248 961
1248 230
1249 947
1249 510
1249 1053
1249 782
1249 731
1249 230
1249 56
1249 760
1250 905
1250 782
1250 1029
1251 155
1251 357
1251 293
1251 782
1252 1009
1252 105
1252 97
1253 1009
1253 607
1253 105
1253 361
1254 1009
1254 105
1254 528
1255 39
1255 1009
1255 365
1255 1021
1255 550
1256 905
1256 1009
1256 105
1257 844
1257 529
1257 236
1257 847
1257 165
1257 824
1257 1117
1257 421
1257 171
1257 358
1258 844
1258 593
1258 7
1259 844
1259 770
1259 835
1260 844
1260 905
1260 1029
1260 529
1260 236
1261 844
1261 311
1261 69
1261 591
1262 634
1262 701
1262 74
1263 701
1263 1020
1263 460
1263 604
1264 333
1264 701
1264 337
1264 74
1265 1008
1265 63
1265 117
1265 338
1265 58
1265 980
1265 96
1265 940
1265 274
1265 146
1265 709
1265 30
1265 197
1266 881
1266 854
1266 976
1267 881
1267 536
1267 646
1267 1138
1267 913
1268 874
1268 50
1268 5
1269 802
1269 310
1269 351
1270 373
1270 802
1270 310
1271 869
1271 357
1271 310
1272 333
1272 373
1272 802
1272 39
1273 1051
1273 150
1273 911
1274 150
1274 550
1274 678
1275 952
1275 1127
1275 1096
1276 952
1276 1127
1276 581
1276 1096
1277 952
1277 1127
1277 581
1277 1096
1277 757
1278 976
1278 952
1278 924
1279 699
1279 458
1279 952
1280 34
1280 207
1280 921
1280 693
1280 219
1280 273
1280 906
1281 34
1281 207
1281 753
1282 34
1282 705
1282 921
1283 34
1283 219
1283 207
1283 587
1284 34
1284 333
1284 811
1285 34
1285 478
1285 219
1286 34
1286 921
1286 693
1286 219
1287 99
1287 1004
1287 994
1288 373
1288 802
1288 1146
1289 905
1289 373
1289 1146
1290 905
1290 361
1290 593
1290 624
1290 528
1291 905
1291 593
1291 528
1292 905
1292 361
1292 942
1293 719
1293 1001
1293 808
1294 927
1294 224
1294 684
1295 464
1295 971
1295 639
1295 781
1295 679
1296 31
1296 971
1296 251
1297 311
1297 69
1297 236
1298 249
1298 550
1298 455
1299 155
1299 789
1299 802
1299 1118
1300 259
1300 1042
1300 946
1301 224
1301 868
1301 946
1302 630
1302 348
1302 35
1303 630
1303 619
1303 547
1304 979
1304 205
1304 211
1305 211
1305 224
1305 1041
1306 211
1306 205
1306 1077
1306 520
1306 1037
1306 865
1306 405
1307 211
1307 224
1307 915
1308 1014
1308 510
1308 451
1308 1024
1309 364
1309 528
1309 8
1310 464
1310 582
1310 315
1311 103
1311 960
1311 834
1312 306
1312 36
1312 526
1313 905
1313 306
1313 61
1313 997
1313 36
1313 571
1313 499
1314 571
1314 306
1314 36
1314 656
1314 1132
1314 499
1315 306
1315 571
1315 636
1315 36
1315 473
1316 976
1316 716
1316 80
1317 647
1317 198
1317 573
1317 541
1317 251
1318 475
1318 1042
1318 1094
1319 1053
1319 457
1319 931
1319 1000
1320 772
1320 36
1320 525
1320 563
1320 316
1321 789
1321 574
1321 1089
1322 202
1322 20
1322 504
1323 1090
1323 1036
1323 220
1324 879
1324 20
1324 504
1324 269
1325 849
1325 202
1325 918
1325 20
1325 542
1325 504
1326 373
1326 932
1326 1082
1326 228
1326 1041
1326 124
1326 352
1327 378
1327 932
1327 228
1328 373
1328 802
1328 932
1329 197
1329 628
1329 1007
1330 529
1330 1041
1330 891
1331 842
1331 610
1331 766
1332 772
1332 199
1332 867
1333 748
1333 1120
1333 1046
1333 901
1334 748
1334 1120
1334 1046
1335 905
1335 1052
1335 1013
1336 905
1336 1052
1336 1013
1336 513
1337 102
1337 619
1337 200
1337 5
1338 403
1338 11
1338 335
1338 376
1338 661
1339 324
1339 469
1339 358
1339 721
1339 394
1340 324
1340 469
1340 721
1340 394
1341 1041
1341 995
1341 191
1342 905
1342 534
1342 717
1342 505
1343 357
1343 866
1343 794
1344 905
1344 474
1344 438
1345 741
1345 880
1345 94
1346 905
1346 870
1346 134
1347 883
1347 1026
1347 180
1348 13
1348 237
1348 531
1348 767
1349 177
1349 1054
1349 84
1349 469
1349 721
1349 305
1349 560
1350 324
1350 469
1350 991
1350 358
1350 721
1350 317
1350 482
1350 84
1350 425
1350 393
1350 747
1350 448
1351 324
1351 469
1351 721
1351 907
1352 881
1352 1034
1352 246
1352 418
1352 854
1353 1063
1353 187
1353 125
1354 1025
1354 460
1354 1108
1355 781
1355 428
1355 676
1355 786
1355 178
1355 195
1355 775
1355 750
1355 539
1355 1092
1356 238
1356 1016
1356 316
1357 27
1357 258
1357 924
1358 436
1358 1114
1358 121
1359 246
1359 920
1359 506
1359 585
1359 395
1359 1091
1359 733
1360 230
1360 408
1360 10
1361 155
1361 27
1361 246
1361 111
1361 827
1362 351
1362 944
1362 902
1363 1019
1363 62
1363 359
1363 668
1363 792
1363 250
1364 1135
1364 229
1364 139
1364 19
1364 386
1364 440
1365 1034
1365 572
1365 246
1365 1129
1366 844
1366 1034
1366 572
1366 1129
1367 668
1367 3
1367 47
1368 229
1368 353
1368 1118
1368 625
1368 498
1368 47
1369 577
1369 523
1369 1019
1369 62
1369 881
1369 812
1369 401
1369 229
1369 359
1369 625
1369 1106
1369 754
1369 397
1370 577
1370 13
1370 333
1370 222
1370 1019
1370 155
1370 62
1370 502
1370 401
1370 673
1370 905
1370 373
1370 802
1370 1073
1370 359
1370 336
1370 120
1370 916
1370 668
1370 265
1370 740
1370 545
1370 1085
1370 1038
1370 370
1370 833
1370 487
1370 675
1370 982
1370 912
1370 966
1370 1146
1370 589
1370 156
1370 1028
1370 246
1370 578
1370 603
1370 1076
1370 540
1370 1143
1370 1031
1370 945
1370 318
1370 892
1370 427
1370 441
1370 745
1370 476
1370 694
1370 363
1370 983
1370 129
1370 471
1370 87
1370 609
1370 480
1370 149
1370 213
1370 829
1370 60
1370 569
1371 1019
1371 373
1371 802
1371 1067
1371 558
1372 27
1372 39
1372 1067
1372 558
1373 1019
1373 373
1373 802
1373 1067
1374 1019
1374 62
1374 373
1374 802
1374 1144
1374 359
1374 336
1374 916
1374 135
1374 641
1374 740
1375 651
1375 799
1375 712
1375 300
1376 1037
1376 325
1376 143
1376 308
1376 283
1376 413
1377 846
1377 875
1377 21
1378 167
1378 934
1378 826
1378 806
1379 1037
1379 325
1379 308
1379 805
1380 721
1380 734
1380 664
1381 521
1381 185
1381 23
1382 521
1382 185
1382 23
1383 577
1383 373
1383 359
1383 120
1383 330
1383 703
1383 427
1383 745
1383 1137
1384 1034
1384 334
1384 620
1385 577
1385 1019
1385 155
1385 401
1385 27
1385 359
1385 336
1385 1093
1385 668
1385 108
1385 1034
1385 1025
1385 246
1385 270
1385 228
1385 578
1385 603
1385 1076
1385 279
1385 88
1385 1055
1385 224
1385 418
1385 371
1385 719
1385 1057
1385 974
1385 460
1385 704
1385 892
1385 351
1385 95
1385 365
1385 808
1385 152
1386 577
1386 409
1386 87
1387 359
1387 39
1387 939
1387 334
1388 459
1388 549
1388 420
1388 417
1389 789
1389 1145
1389 937
1390 577
1390 1019
1390 802
1390 1073
1390 359
1390 336
1390 135
1390 740
1390 310
1390 156
1390 578
1390 1143
1390 897
1390 703
1390 231
1390 945
1391 605
1391 301
1391 797
1391 147
1391 81
1392 876
1392 264
1392 965
1393 192
1393 347
1393 126
1393 350
1393 660
1394 635
1394 809
1394 617
1394 181
1394 83
1394 654
1395 74
1395 1059
1395 1094
1396 953
1396 107
1396 148
1396 1134
1396 595
1397 600
1397 141
1397 1072
1397 680
1397 68
1397 437
1397 239
1397 1012
1397 1045
1397 813
1397 785
1398 27
1398 1118
1398 265
1398 927
1398 3
1398 199
1398 279
1398 88
1398 642
1398 434
1398 334
1398 899
1398 369
1398 258
1398 1050
1398 746
1398 1089
1398 855
1398 930
1398 368
1398 1040
1399 1106
1399 246
1399 447
1400 205
1400 677
1400 431
1401 62
1401 246
1401 943
1402 802
1402 246
1402 280
1402 569
1403 577
1403 401
1403 668
1403 1034
1403 246
1403 418
1403 205
1403 892
1403 978
1403 796
1404 844
1404 62
1404 27
1404 108
1404 1034
1404 1009
1404 99
1404 810
1404 105
1404 532
1404 87
1404 970
1404 136
1404 190
1404 430
1404 843
1405 310
1405 139
1405 4
1406 246
1406 27
1406 1034
1407 246
1407 445
1407 1034
1408 246
1408 158
1408 550
1409 155
1409 392
1409 27
1409 673
1410 246
1410 334
1410 63
1411 27
1411 874
1411 662
1411 1041
1412 279
1412 697
1412 27
1412 1141
1412 577
1413 359
1413 246
1413 373
1413 1064
1414 27
1414 3
1414 369
1415 246
1415 418
1415 689
1415 684
1415 62
1416 905
1416 1009
1416 62
1416 589
1417 359
1417 640
1417 105
1417 668
1417 62
1418 888
1418 373
1418 27
1419 246
1419 1051
1419 555
1419 22
1419 892
1419 796
1420 286
1420 523
1420 401
1421 39
1421 351
1421 246
1422 202
1422 20
1422 51
1422 27
1423 625
1423 27
1423 1022
1424 532
1424 27
1424 371
1424 108
1425 789
1425 625
1425 558
1426 359
1426 336
1426 385
1426 373
1427 584
1427 763
1427 971
1427 108
1428 1007
1428 628
1428 197
1429 359
1429 246
1429 668
1429 453
1429 1034
1429 569
1430 234
1430 246
1430 670
1431 1034
1431 695
1431 174
1431 62
1431 899
1431 532
1431 289
1431 460
1431 319
1431 668
1431 684
1431 759
1431 640
1431 884
1431 123
1432 133
1432 251
1432 971
1432 151
1432 108
1433 246
1433 609
1433 1029
1433 905
1433 589
1434 265
1434 625
1434 287
1434 888
1434 27
1434 755
1434 577
1435 359
1435 246
1435 1034
1436 668
1436 1034
1436 240
1436 108
1436 589
1437 265
1437 27
1437 119
1437 796
1437 637
1437 246
1437 1029
1437 746
1438 246
1438 608
1438 334
1439 1126
1439 27
1439 1097
1440 87
1440 27
1440 684
1441 844
1441 577
1441 1034
1441 905
1442 789
1442 229
1442 137
1442 27
1443 815
1443 850
1443 719
1443 1055
1443 27
1443 1034
1443 1056
1444 787
1444 246
1444 873
1445 359
1445 802
1445 203
1445 668
1445 586
1446 359
1446 1051
1446 390
1446 223
1446 569
1446 880
1447 246
1447 928
1447 27
1447 1034
1448 389
1448 279
1448 287
1448 27
1449 1115
1449 27
1449 445
1450 1093
1450 27
1450 451
1450 265
1450 359
1450 287
1450 1010
1450 12
1450 1118
1450 62
1450 625
1450 802
1450 155
1450 835
1450 373
1451 359
1451 1116
1451 351
1451 1146
1451 211
1452 87
1452 74
1452 240
1452 544
1452 1036
1453 359
1453 703
1453 808
1454 927
1454 229
1454 184
1455 1076
1455 695
1455 791
1455 401
1455 223
1455 373
1455 755
1455 326
1455 929
1455 523
1456 246
1456 1019
1456 404
1456 577
1456 1076
1457 238
1457 1016
1457 316
1458 246
1458 843
1458 970
1458 1034
1459 391
1459 359
1459 668
1460 342
1460 744
1460 27
1461 1146
1461 246
1461 22
1461 223
1461 1076
1462 27
1462 905
1462 62
1463 603
1463 578
1463 251
1463 802
1463 27
1463 609
1463 894
1463 1065
1463 540
1463 1116
1463 156
1463 373
1463 606
1463 1096
1463 697
1463 569
1463 740
1463 196
1463 689
1463 789
1463 952
1463 1048
1464 27
1464 874
1464 801
1464 445
1465 668
1465 1034
1465 240
1466 411
1466 69
1466 246
1466 574
1466 27
1466 311
1467 789
1467 27
1467 905
1468 27
1468 874
1468 445
1468 340
1468 1034
1469 359
1469 802
1469 373
1469 577
1469 62
1470 246
1470 843
1470 970
1470 1034
1471 359
1471 27
1471 695
1472 905
1472 836
1472 62
1473 246
1473 843
1473 970
1473 1034
1474 1137
1474 24
1474 212
1474 577
1474 263
1474 920
1474 359
1474 390
1474 120
1474 703
1474 745
1475 359
1475 155
1475 668
1475 62
1476 162
1476 843
1476 970
1477 359
1477 577
1477 673
1477 108
1478 359
1478 351
1478 808
1479 802
1479 740
1479 558
1479 577
1480 373
1480 27
1480 445
1481 1108
1481 1025
1481 460
1482 359
1482 39
1482 27
1482 1029
1482 577
1482 537
1483 246
1483 927
1483 574
1483 27
1483 1034
1484 565
1484 1041
1484 373
1484 777
1484 294
1484 1034
1484 899
1484 529
1484 223
1484 1029
1484 637
1485 1029
1485 334
1485 577
1486 27
1486 1022
1486 401
1487 39
1487 558
1487 888
1487 62
1488 789
1488 625
1488 3
1488 577
1489 1004
1489 229
1489 577
1490 246
1490 550
1490 328
1490 108
1491 869
1491 1029
1491 905
1492 359
1492 577
1492 1034
1493 577
1493 332
1493 20
1493 51
1493 535
1493 829
1493 202
1493 404
1493 204
1494 1044
1494 510
1494 334
1495 246
1495 27
1495 369
1496 359
1496 229
1496 577
1497 625
1497 209
1497 27
1497 223
1497 577
1498 899
1498 373
1498 625
1498 27
1498 890
1498 1029
1498 445
1498 326
1498 334
1499 668
1499 642
1499 27
1499 1041
1499 1020
1500 231
1500 373
1500 326
1500 228
1501 246
1501 668
1501 577
1501 905
1501 1076
1502 359
1502 246
1502 668
1503 145
1503 1144
1503 1105
1503 1019
1503 1009
1503 307
1503 523
1503 601
1503 270
1503 695
1503 103
1503 802
1503 1087
1503 900
1503 833
1503 740
1503 373
1504 869
1504 166
1504 905
1504 62
1505 246
1505 593
1505 881
1506 246
1506 373
1506 27
1507 359
1507 388
1507 63
1508 359
1508 246
1508 577
1509 229
1509 3
1509 577
1510 390
1510 577
1510 880
1511 1019
1511 755
1511 905
1511 401
1511 947
1511 62
1512 243
1512 334
1512 1136
1513 246
1513 127
1513 27
1514 1034
1514 351
1514 759
1514 695
1514 246
1514 359
1514 62
1514 569
1514 740
1515 1019
1515 310
1515 537
1516 229
1516 27
1516 608
1516 223
1516 445
1517 1118
1517 229
1517 3
1518 1129
1518 246
1518 572
1518 755
1518 1034
1519 359
1519 246
1519 379
1519 27
1519 577
1520 701
1520 577
1520 62
1521 119
1521 265
1521 1034
1522 276
1522 27
1522 759
1523 359
1523 246
1523 461
1523 27
1523 369
1523 577
1524 359
1524 246
1524 812
1525 359
1525 668
1525 577
1525 62
1526 27
1526 791
1526 577
1527 69
1527 844
1527 311
1527 101
1527 364
1527 593
1527 681
1527 216
1527 529
1527 860
1527 262
1527 67
1527 411
1527 636
1527 62
1527 1079
1527 986
1527 70
1527 571
1527 825
1527 905
1528 277
1528 184
1528 1034
1529 359
1529 246
1529 668
1529 211
1530 359
1530 246
1530 373
1531 697
1531 609
1531 926
1531 1029
1531 62
1532 27
1532 369
1532 1064
1533 359
1533 351
1533 246
1534 359
1534 668
1534 1034
1535 668
1535 1034
1535 62
1536 798
1536 815
1536 719
1536 418
1536 33
1536 271
1536 1034
1537 359
1537 668
1537 27
1537 62
1538 39
1538 802
1538 740
1538 373
1539 905
1539 449
1539 740
1539 359
1539 869
1539 373
1539 1019
1539 62
1539 601
1539 577
1540 27
1540 932
1540 1104
1541 373
1541 223
1541 1034
1542 701
1542 460
1542 668
1543 500
1543 1051
1543 668
1543 246
1543 331
1543 619
1543 411
1543 99
1543 311
1543 971
1543 714
1543 1034
1544 1106
1544 27
1544 707
1545 668
1545 259
1545 62
1546 246
1546 1043
1546 668
1546 1034
1546 62
1546 1138
1547 359
1547 224
1547 577
1548 668
1548 246
1548 460
1548 351
1548 359
1548 673
1548 802
1548 87
1549 829
1549 223
1549 445
1549 791
1550 740
1550 808
1550 668
1550 577
1551 246
1551 506
1551 920
1551 395
1551 585
1551 733
1551 1091
1552 359
1552 802
1552 740
1552 373
1552 577
1553 68
1553 239
1553 1045
1553 141
1553 1012
1553 437
1553 785
1553 600
1553 1072
1553 813
1553 680
1554 246
1554 697
1554 27
1554 401
1554 95
1555 359
1555 530
1555 675
1556 418
1556 33
1556 401
1556 1034
1556 577
1556 668
1556 246
1556 159
1556 359
1557 202
1557 1076
1557 795
1557 51
1557 401
1557 20
1557 359
1557 577
1557 373
1557 802
1557 52
1557 120
1557 427
1557 504
1558 172
1558 75
1558 1143
1559 740
1559 246
1559 577
1560 163
1560 244
1560 188
1561 229
1561 27
1561 1041
1562 802
1562 1106
1562 1146
1562 577
1562 589
1563 87
1563 27
1563 608
1563 577
1564 359
1564 27
1564 782
1564 791
1565 27
1565 577
1565 401
1566 294
1566 961
1566 1041
1567 684
1567 340
1567 1034
1567 472
1568 105
1568 695
1568 1009
1569 569
1569 567
1569 708
1569 985
1569 13
1569 246
1569 546
1569 1074
1569 241
1569 95
1569 577
1569 318
1569 259
1569 612
1569 103
1569 112
1569 1034
1569 804
1569 920
1569 892
1570 1019
1570 223
1570 62
1571 802
1571 153
1571 533
1571 370
1571 345
1571 577
1571 401
1572 802
1572 373
1572 378
1573 27
1573 608
1573 952
1574 418
1574 1005
1574 340
1575 27
1575 577
1575 673
1575 1084
1576 373
1576 777
1576 899
1576 1029
1576 1064
1576 873
1576 637
1576 765
1576 1034
1576 223
1577 577
1577 971
1577 54
1577 1034
1577 133
1577 151
1577 108
1577 251
1577 711
1577 578
1577 814
1577 1086
1578 27
1578 223
1578 905
1579 246
1579 320
1579 1034
1580 359
1580 1041
1580 224
1581 789
1581 1146
1581 577
1581 62
1582 359
1582 373
1582 759
1582 223
1582 445
1582 684
1582 340
1583 359
1583 351
1583 87
1583 246
1583 577
1584 802
1584 373
1584 849
1585 27
1585 829
1585 577
1586 359
1586 668
1586 1034
1586 1036
1587 246
1587 843
1587 970
1588 392
1588 955
1588 27
1589 246
1589 310
1589 1034
1589 932
1590 359
1590 39
1590 577
1590 333
1591 577
1591 802
1591 223
1591 862
1591 336
1591 609
1591 359
1591 740
1592 695
1592 1028
1592 494
1592 791
1592 1029
1592 105
1592 326
1592 1066
1592 223
1592 359
1592 27
1592 1081
1592 1022
1592 844
1593 246
1593 340
1593 62
1594 642
1594 184
1594 27
1595 359
1595 535
1595 868
1595 223
1595 62
1596 246
1596 27
1596 369
1597 246
1597 684
1597 340
1598 246
1598 843
1598 970
1598 889
1598 464
1598 27
1599 373
1599 577
1599 156
1600 970
1600 1110
1600 334
1601 668
1601 246
1601 740
1601 802
1601 62
1601 27
1601 359
1601 759
1602 246
1602 27
1602 369
1603 910
1603 234
1603 758
1603 1041
1603 717
1603 589
1604 246
1604 27
1604 1041
1605 229
1605 888
1605 905
1606 246
1606 1025
1606 460
1607 223
1607 108
1607 445
1607 371
1607 695
1607 589
1607 1141
1607 791
1607 707
1607 334
1607 755
1607 848
1607 1034
1607 373
1607 577
1607 39
1607 534
1608 27
1608 224
1608 62
1609 802
1609 487
1609 1019
1609 310
1610 802
1610 246
1610 280
1610 569
1611 359
1611 668
1611 62
1612 802
1612 789
1612 265
1612 577
1613 453
1613 1034
1613 62
1614 802
1614 487
1614 62
1615 324
1615 317
1615 721
1615 109
1616 532
1616 961
1616 230
1616 445
1617 336
1617 359
1617 789
1617 577
1617 27
1617 310
1617 373
1617 802
1618 234
1618 246
1618 550
1618 851
1619 265
1619 184
1619 941
1619 223
1620 359
1620 16
1620 246
1621 1014
1621 65
1621 229
1622 523
1622 881
1622 62
1623 927
1623 883
1623 27
1623 915
1624 1019
1624 577
1624 401
1625 1024
1625 1014
1625 451
1626 603
1626 115
1626 970
1627 574
1627 27
1627 569
1628 119
1628 87
1628 27
1628 577
1629 359
1629 108
1629 589
1630 351
1630 577
1630 62
1631 619
1631 910
1631 547
1632 869
1632 802
1632 740
1633 789
1633 229
1633 27
1634 802
1634 520
1634 569
1635 334
1635 224
1635 1034
1636 265
1636 27
1636 1078
1637 1093
1637 106
1637 27
1637 1034
1638 359
1638 701
1638 668
1638 819
1638 337
1639 218
1639 981
1639 615
1640 359
1640 27
1640 62
1641 782
1641 108
1641 589
1641 293
1642 246
1642 27
1642 369
1643 359
1643 1019
1643 589
1644 722
1644 732
1644 380
1645 802
1645 558
1645 401
1645 62
1646 843
1646 970
1646 29
1646 864
1647 802
1647 487
1647 310
1647 373
1648 701
1648 668
1648 915
1649 246
1649 609
1649 62
1650 53
1650 451
1650 62
1651 27
1651 662
1651 765
1651 1022
1652 27
1652 334
1652 759
1652 116
1653 577
1653 740
1653 62
1653 701
1653 449
1653 223
1653 359
1653 668
1654 87
1654 970
1654 334
1655 307
1655 802
1655 1087
1655 373
1655 833
1655 1009
1655 1105
1655 601
1655 103
1655 523
1655 145
1655 695
1655 1019
1655 900
1655 1144
1656 246
1656 920
1656 304
1657 39
1657 246
1657 621
1657 27
1658 246
1658 621
1658 27
1658 369
1659 74
1659 730
1659 668
1660 869
1660 558
1660 62
1661 16
1661 246
1661 27
1662 361
1662 905
1662 589
1663 359
1663 246
1663 577
1663 1034
1663 62
1664 1019
1664 755
1664 401
1664 947
1664 62
1665 843
1665 970
1665 524
1666 740
1666 351
1666 751
1666 1057
1666 565
1666 334
1667 27
1667 3
1667 1022
1667 577
1668 246
1668 51
1668 27
1668 488
1669 1046
1669 901
1669 303
1669 1120
1670 600
1670 527
1670 719
1670 27
1670 1034
1671 39
1671 802
1671 523
1671 401
1672 359
1672 577
1672 881
1673 246
1673 905
1673 62
1673 871
1674 802
1674 373
1674 135
1675 1019
1675 373
1675 523
1675 401
1675 947
1675 62
1676 246
1676 577
1676 1034
1677 1118
1677 789
1677 3
1678 574
1678 27
1678 223
1679 246
1679 1043
1679 453
1680 359
1680 701
1680 668
1680 334
1680 884
1681 82
1681 27
1681 1034
1682 843
1682 970
1682 844
1683 359
1683 155
1683 577
1683 401
1684 351
1684 401
1684 373
1684 905
1684 402
1684 333
1684 1076
1684 558
1685 359
1685 577
1685 1034
1685 1076
1686 359
1686 246
1686 779
1686 24
1686 577
1687 802
1687 351
1687 223
1688 666
1688 642
1688 27
1688 608
1688 952
1689 359
1689 336
1689 719
1689 1143
1690 251
1690 971
1690 151
1691 772
1691 1081
1691 27
1691 3
1691 87
1691 359
1691 577
1691 155
1692 910
1692 369
1692 1064
1693 802
1693 625
1693 27
1693 905
1694 487
1694 27
1694 905
1695 912
1695 578
1695 765
1695 577
1695 545
1696 577
1696 1034
1696 880
1697 351
1697 246
1697 569
1698 359
1698 87
1698 668
1698 334
1698 1020
1699 246
1699 577
1699 596
1700 869
1700 833
1700 789
1700 62
1700 359
1700 27
1700 1019
1700 905
1700 108
1700 577
1700 401
1700 373
1700 668
1701 359
1701 577
1701 401
1702 1019
1702 707
1702 905
1702 401
1702 333
1702 62
1703 119
1703 246
1703 27
1703 369
1703 1034
1704 351
1704 657
1704 62
1705 246
1705 689
1705 369
1705 1034
1705 63
1706 399
1706 27
1706 340
1706 1034
1707 802
1707 310
1707 888
1707 373
1707 378
1708 246
1708 390
1708 689
1708 1034
1709 359
1709 970
1709 161
1709 668
1709 685
1709 990
1710 1014
1710 229
1710 310
1711 156
1711 909
1711 782
1711 176
1711 53
1711 222
1711 27
1711 164
1711 435
1711 577
1711 151
1711 1032
1711 838
1711 927
1711 223
1711 210
1711 401
1711 359
1711 311
1711 275
1711 108
1712 625
1712 1019
1712 27
1712 577
1713 625
1713 547
1713 955
1713 27
1714 87
1714 668
1714 577
1714 62
1715 802
1715 1019
1715 166
1715 599
1715 695
1715 905
1715 62
1716 1041
1716 759
1716 223
1716 1141
1717 910
1717 351
1717 1103
1718 359
1718 87
1718 528
1719 359
1719 577
1719 62
1720 87
1720 577
1720 409
1721 87
1721 246
1721 1020
1721 95
1722 359
1722 336
1722 668
1722 577
1722 905
1723 277
1723 37
1723 475
1723 3
1723 369
1723 416
1723 27
1723 43
1723 574
1724 718
1724 155
1724 27
1724 941
1725 246
1725 510
1725 445
1725 873
1726 314
1726 422
1726 27
1727 27
1727 326
1727 445
1727 695
1728 119
1728 246
1728 27
1728 369
1728 1034
1728 746
1728 952
1729 905
1729 1009
1729 371
1729 62
1730 359
1730 246
1730 373
1730 27
1730 577
1731 39
1731 802
1731 740
1731 577
1732 359
1732 246
1732 373
1732 791
1733 287
1733 1089
1733 27
1733 874
1734 27
1734 1022
1734 577
1735 331
1735 550
1735 455
1736 359
1736 246
1736 920
1736 395
1736 141
1736 622
1736 168
1737 1030
1737 211
1737 791
1737 905
1737 359
1737 684
1737 27
1737 246
1738 202
1738 800
1738 108
1739 246
1739 589
1739 577
1739 1037
1739 119
1739 359
1739 1034
1739 619
1739 625
1740 882
1740 719
1740 27
1740 668
1740 246
1740 1051
1740 577
1740 401
1740 418
1740 359
1740 427
1740 1076
1740 1019
1741 869
1741 385
1741 166
1741 62
1742 577
1742 359
1742 920
1742 246
1742 1091
1742 697
1742 1033
1742 703
1742 807
1742 862
1742 141
1743 359
1743 246
1743 27
1743 369
1743 577
1744 39
1744 802
1744 577
1745 760
1745 565
1745 935
1745 295
1745 1048
1745 782
1745 44
1746 246
1746 649
1746 418
1746 1034
1747 577
1747 401
1747 545
1748 845
1748 27
1748 401
1748 62
1749 246
1749 815
1749 984
1750 223
1750 815
1750 246
1750 984
1750 642
1750 27
1750 108
1750 589
1751 359
1751 87
1751 279
1751 27
1751 577
1751 1034
1752 359
1752 246
1752 27
1752 577
1753 802
1753 787
1753 246
1753 577
1754 27
1754 1029
1754 445
1755 359
1755 336
1755 675
1756 970
1756 288
1756 678
1756 1042
1757 359
1757 782
1757 577
1757 1034
1757 881
1758 1014
1758 229
1758 905
1759 621
1759 888
1759 27
1760 736
1760 246
1760 369
1761 923
1761 359
1761 299
1761 361
1761 694
1761 38
1761 166
1761 173
1761 62
1761 905
1761 942
1762 1118
1762 789
1762 265
1763 359
1763 869
1763 361
1764 1118
1764 229
1764 888
1764 699
1764 789
1764 625
1764 755
1764 287
1764 27
1765 246
1765 807
1765 62
1766 74
1766 1059
1766 1094
1767 246
1767 600
1767 795
1767 892
1767 1076
1767 401
1768 279
1768 334
1768 1034
1768 445
1768 577
1768 246
1768 941
1768 27
1768 608
1769 699
1769 402
1769 119
1769 914
1769 706
1769 265
1769 113
1769 27
1769 673
1770 802
1770 520
1770 569
1771 246
1771 920
1771 898
1771 707
1772 246
1772 649
1772 418
1772 1034
1773 359
1773 668
1773 987
1774 789
1774 265
1774 625
1774 229
1774 27
1775 39
1775 246
1775 642
1775 27
1775 334
1776 246
1776 373
1776 27
1776 782
1777 359
1777 1033
1777 453
1778 359
1778 740
1778 1029
1779 334
1779 668
1779 789
1779 759
1779 359
1779 27
1779 224
1779 87
1780 359
1780 27
1780 695
1781 929
1781 40
1781 601
1782 326
1782 223
1782 695
1783 577
1783 401
1783 812
1783 802
1783 555
1783 373
1783 1019
1783 62
1783 804
1783 881
1784 843
1784 970
1784 697
1785 668
1785 27
1785 224
1786 359
1786 829
1786 1034
1787 802
1787 284
1787 310
1787 1128
1788 359
1788 351
1788 1146
1788 589
1789 74
1789 668
1789 485
1789 240
1789 1020
1790 359
1790 113
1790 569
1790 1140
1791 359
1791 888
1791 1084
1792 359
1792 668
1792 62
1793 246
1793 843
1793 970
1793 1034
1794 625
1794 255
1794 27
1795 246
1795 843
1795 970
1795 1034
1796 625
1796 87
1796 246
1796 27
1796 223
1796 873
1797 246
1797 418
1797 565
1797 1034
1798 802
1798 265
1798 558
1798 27
1799 789
1799 265
1799 625
1800 56
1800 739
1800 244
1800 230
1800 295
1800 251
1800 782
1800 369
1800 565
1800 475
1800 971
1800 899
1801 2
1801 961
1801 230
1801 765
1801 108
1801 589
1802 359
1802 802
1802 62
1803 359
1803 27
1803 577
1804 740
1804 222
1804 326
1804 1141
1805 60
1805 1081
1805 62
1805 569
1805 359
1805 110
1805 119
1805 351
1805 150
1805 868
1805 1076
1805 577
1805 95
1805 27
1805 123
1805 1011
1805 746
1805 166
1805 390
1805 795
1805 703
1805 369
1805 1098
1805 471
1805 156
1805 1034
1805 668
1805 905
1805 418
1805 535
1805 840
1806 373
1806 740
1806 223
1806 336
1806 265
1806 27
1806 695
1806 802
1807 102
1807 27
1807 662
1807 217
1807 1037
1808 359
1808 668
1808 245
1809 359
1809 27
1809 577
1810 276
1810 642
1810 27
1810 874
1810 608
1811 401
1811 1146
1811 1029
1811 359
1811 888
1811 265
1811 673
1811 1019
1811 881
1811 310
1811 577
1812 1009
1812 108
1812 62
1812 589
1813 668
1813 577
1813 1034
1814 246
1814 574
1814 27
1814 1034
1815 351
1815 845
1815 373
1815 609
1816 27
1816 608
1816 3
1817 87
1817 27
1817 3
1817 974
1817 1034
1818 119
1818 697
1818 27
1818 829
1818 223
1818 1034
1819 359
1819 87
1819 577
1819 528
1820 246
1820 373
1820 27
1820 445
1820 369
1820 1034
1821 265
1821 699
1821 27
1822 359
1822 246
1822 388
1822 795
1822 689
1822 1034
1823 373
1823 695
1823 577
1824 359
1824 246
1824 460
1824 668
1824 373
1825 27
1825 684
1825 1034
1826 359
1826 668
1826 62
1827 497
1827 27
1827 1022
1828 119
1828 415
1828 27
1829 869
1829 361
1829 105
1829 905
1829 1009
1829 62
1830 1019
1830 537
1830 881
1831 359
1831 150
1831 899
1831 334
1832 668
1832 27
1832 224
1833 39
1833 1146
1833 545
1833 1140
1833 589
1833 270
1833 802
1833 156
1833 336
1833 487
1833 878
1833 740
1834 246
1834 1095
1834 1034
1834 401
1835 703
1835 246
1835 862
1835 418
1835 577
1836 789
1836 467
1836 927
1836 184
1836 245
