0 0 1 2
1 4 2 5 6
2 8 2 9 10
3 13 2
4 15 16 2 17 18 19
5 20 2 22 23
6 2 25
7 2 26 27
8 2 23 29 30 31 1
9 34 1
10 2 35
11 37 23 2
12 2 39
13 41 2
14 2 38
15 2 22 44 45
16 47 48 49 2
17 50 51 2 42
18 50 51 2 42
19 2 52 53
20 2 55
21 2 6
22 58 2
23 2 1 60
24 58 2 23
25 2 62 60 50
26 2 20 16
27 58 2 25 23 6 45
28 2 22 66
29 2 42 68
30 2 1
31 2 23
32 2 6
33 2 23 6
34 2 71
35 2 72 53 55
36 2 74 75 3
37 58 2
38 2 1 15
39 77 2 1 31 78 55
40 7 80 2 37 81 6 53 82 31 83 55
41 7 2 6 86
42 2 64
43 2 42 60
44 2 25 23 90 30 91 92 93 94
45 2 6
46 44 2 52 96 97 98 99 100 101 102 103 104 105 106 107 83
47 58 2
48 2 60
49 2 111
50 2 112
51 2 37 114 64
52 2 117 23 6
53 2 120 22
54 2 17 23 6 122 31 32
55 2 17 3
56 2 126
57 2 127 128 60
58 2 130
59 131 2 23 71
60 2 23
61 2 134
62 58 2 37 23
63 2 34 3
64 2 117 136 23
65 2 138
66 2 6
67 2 140 42 141 127 3
68 2 37 6 100 45 143 144
69 44 2
70 2 134 148 149 3 38 150
71 2 37 45 76 130 22 55
72 2 153 20 154
73 2 6 119
74 2 155 127
75 156 2 6
76 2 157 158 159 3 38
77 2 3
78 2 82 160
79 2 45 148
80 2 161 155 74 142 55 133
81 2 1
82 58 163 2 37 6 45 157 110
83 2 165
84 58 2 37 23
85 2 23 167 6
86 2 23
87 2 127 31
88 2 1
89 2 169 42
90 2 23 6
91 2 6 172
92 2 23 6
93 2 138 174
94 2 6
95 80 2 23 176
96 2 177
97 2 37
98 58 2 37
99 2 23
100 2 53
101 58 2 37 53 50 55 180
102 2 6
103 181 2 37 23 6 122 83 38
104 2 134 45 130
105 2 53
106 2 45
107 2 52 120 20
108 2 100 53
109 2 185 186
110 2 6 3 154
111 77 2 37 6 169
112 58 2 23 6
113 131 163 2 71
114 189 2 6 190
115 2 127
116 58 2
117 2 34 154
118 2 37 1
119 2 3 60
120 58 2
121 2 193
122 2 23
123 2 22 55
124 2 76
125 2 183
126 2 34 196
127 2 103 197 22
128 156 2
129 2 42
130 2 15 20 199
131 2 6
132 58 2 37 6
133 2 6 176 160
134 2 42
135 2 3
136 2 127
137 2 6 141
138 58 80 2 23 6 100 45 202
139 2 204
140 2 1 55
141 2 23 206
142 2 207
143 58 181 77 44 2 37 117 208 23 209 20 103 210 110 211
144 2 1 100 53 127 214 31 3 60
145 58 2 23
146 2 216
147 58 181 77 2 37 117 217 23 99 218 20 219 220 122 143 221 222 223 224 225 226 83 227
148 2 127 31
149 2 23
150 2 3
151 2 120 23 133
152 58 2 1
153 44 2 45
154 2 103
155 2 230 6
156 2 37
157 2 3 232
158 234 2 218 198 224 225 3
159 2 37 1 34
160 2 6 237
161 2 238 34
162 2 130
163 2 37 6 157 110 240 55
164 163 2 20 165
165 2 54
166 2 23
167 2 155 141 60
168 2 23 55
169 2 157
170 77 2 23 6 157 143
171 44 2
172 2 42 141 31
173 2 134 204 55
174 2 140 42 72 31 118 188
175 2 1
176 2 17
177 2 17
178 2 17
179 2 17
180 2 15 34
181 2 37 1 246 72 38 200 154
182 58 181 2 37 117
183 2 42
184 44 2
185 2 155 23 230
186 2 23
187 2 23
188 189 2 6
189 2 23 6 249 250 38
190 58 2 37 23
191 58 2 37
192 58 2 37 6 20 219 110
193 156 2 153
194 2 253
195 2 38
196 163 2
197 2 45 72 254
198 163 2 6 45 20 256 53
199 58 2 1 45
200 2 6
201 2 23
202 58 2 37
203 58 2 161 23 6 257 258
204 2 120 260
205 2 17 42 83
206 58 2 37 23 6 218 261 122 257 258 262 202
207 181 2 1 265
208 2 17
209 2 23 6 20
210 58 2 23
211 2 253
212 2 31
213 2 6
214 2 15
215 131 2 269
216 80 2 155 81 230 185
217 2 17
218 2 37 1
219 44 2 23 6
220 181 2 134 169
221 2 72 53 54
222 2 25 134 114 23 6 45 209 219 103 42 72 141 53 249 118
223 2 37
224 2 153 81 6
225 2 6
226 2 17
227 2 25
228 2 6
229 2 37 6
230 2 253 272 3 54
231 2 17 81
232 58 2 37 6 72
233 2 38
234 2 6 276 277
235 2 37
236 163 2
237 2 23 6 42
238 2 276
239 2 155
240 131 2 23 6
241 2 117 6 278
242 2 117 134
243 58 2 100
244 58 7 181 2 37 117 155 1 23 230 75
245 58 131 44 2 96 37 207 134 23 20
246 58 181 2 37 1 6 34
247 2 6
248 163 2 153 282 20 283 284
249 2 134 1 23 287
250 2 120 288 289 290 103 291
251 58 2 96
252 2 6 224
253 58 2 1 53
254 2 294
255 58 163 2 295 117 25 134 282 23 6 296 110
256 2 53
257 2 6 20
258 2 45 141
259 2 153 6
260 58 44 2 120 1 208 45 254
261 58 2 134
262 2 134 1 81 246 169 122 127
263 58 301 44 2 37 6 100 220 42 302
264 2 3
265 2 6
266 2 75
267 2 23 20
268 2 72 141
269 2 134
270 2 306
271 181 2 37
272 156 2 23
273 2 307
274 181 77
275 2 6
276 77 44 2 52 309
277 2 127
278 2 310
279 2 37
280 181 2 37
281 163 2 37 134 6 45 219 110
282 2 134 282 45
283 2 312 6 72
284 58 2 117 134 155 1 6
285 2 6
286 2 6 103
287 58 80 2 37
288 58 2
289 2 314 52 17 315 316 1 6 290 72 53 254
290 2 45
291 2 249
292 2 134 282 72
293 58 2 23 6 45 53
294 58 156 2
295 2 75
296 58 2 37
297 2 306 53
298 77 2
299 181 2 96 37 117 97
300 2 37 117
301 189 2 37
302 2 37 45
303 2 134
304 2 134 155 320
305 58 2 37 72 53
306 2 153
307 2 185
308 58 2 37
309 2 17
310 58 2 37
311 2 52 37 117 157 110
312 2 72
313 2 134
314 58 2 37 324
315 2 37 117 220
316 2 134
317 58 2 37 325
318 131 2 326
319 2 314
320 2 34
321 181 44 2 96 327 1 328 329
322 2 25 114 6
323 2 161
324 2 314 25
325 58 2 37
326 2 37
327 58 301 181 234 2 96 37 327 23 167 6 333 334 220
328 44 2
329 58 131 163 2 37 120 336 134 1 337 100 45 20 34 220 42
330 58 2 339 23 6
331 2 25 340
332 2 120 153 20
333 2 23 6
334 2 42
335 2 314
336 2 342 23 343 344
337 234 44 2 345
338 58 2 134
339 58 2
340 2 314
341 2 346 45 53
342 2 134
343 2 37 45
344 181 2 193
345 2 37
346 2 348
347 2 52
348 58 2
349 2 6
350 2 52 37 134
351 58 2 314 37
352 2 120
353 2 120
354 2 134
355 2 314 52
356 58 2 37 120 282 45
357 2 155
358 181 77
359 58 2
360 2 134 99
361 163 2
362 163 2
363 2 6
364 301 2
365 2 134 114
366 58 2 23
367 58 2
368 2 37
369 2 20
370 58 2 52
371 2 37
372 58 181 234 2
373 2 120 15
374 77 2
375 181 2
376 2 134 230
377 77 2
378 44 2
379 2 355
380 189 2 324 23
381 181 2
382 2 357
383 358 2
384 2 23 258 360
385 2 339
386 58 181 2 37
387 2 134
388 2 314 155 230
389 2 120
390 44 2
391 2 134
392 2 37 295 120
393 2 37
394 58 2 52 357 207 134
395 2 37
396 2 37
397 58 2
398 2 314
399 131 2 295
400 2 23
401 2 339 365
402 58 301 163 2 314 52 37 368 153 369 207
403 2 238
404 58 2 134
405 58 2
406 2 37
407 58 301 181 77 2
408 181 44 2 1
409 2 153 339 23
410 58 373
411 58 2 314
412 58 2
413 2 74
414 58 2
415 58 163 2 314 37 153
416 58 2 369 376 155 377 208 345
417 2 37
418 2 81
419 2 6
420 2 155
421 2 37 355 238
422 2 134 273
423 373 2 314
424 58 2 37 120
425 77 2
426 181 2 37
427 2 355
428 358 2
429 2 37
430 58 2
431 2 155
432 58 181 77 2 37 155 208 23
433 181 77
434 58 2 52
435 181 77 2
436 2 294
437 58 2
438 2 295
439 58 2 37 1
440 2 134 238 381
441 181 2
442 77 44
443 58 2 382
444 2 383 314 384
445 2 120
446 2 120
447 2 17
448 2 120
449 2 381
450 58 7 373 301 234 77 44 2 96 37 379
451 58 2 37 120
452 2 120
453 58 2
454 58 2
455 2 314 120
456 58 2
457 181 77
458 80 2 17 37 1 81 386 370 387
459 58 131 234
460 58 181 163 2 238
461 58 131 2 357
462 58 2
463 181 2
464 58 2
465 58 2
466 2 314
467 58 2
468 2 314
469 181 77 2
470 58 2
471 2 120
472 2 120
473 181 44 2
474 2 52
475 58 2
476 181 2
477 2 120
478 58 44 2
479 58 2 120
480 2 17
481 58 163
482 181 189 2
483 58 2 17
484 58 80 181 234 2 17 120
485 358 2
486 58 7 373 2
487 58 2
488 2 52 17
489 181 2
490 358 2
491 77 2
492 2 52
493 58 234 2 391
494 2 314 52
495 6 23 122
496 6 23
497 6 37 235 58 393 220 225
498 23 32 6 396 181 397
499 399 6
500 23 339 6
501 23 6 37
502 6 23 65 37
503 23 6
504 181 6 23
505 23 6 65
506 400 401 402 384 315 6
507 403 222 6
508 209 20 38 404 31 1 405 155 406 50
509 407 408 6 124
510 409 6
511 93 411 317 6
512 93 412 23
513 413 23 6 32 414 415
514 413 6 23 32 414 415
515 23 6 122
516 58 301 37 120
517 58 6 169
518 23 6 122
519 189 23 6 169 122 417
520 23 6 122
521 37 23
522 23 6 65
523 58 6 419 38 420
524 6 423
525 23 6 82 38
526 6 425 122 426 427 71 428 392 423 429 430 431 432 433 434 435 436
527 23 6 140
528 208 6
529 37 23 6
530 37 6
531 6 133
532 181 37
533 234 23 6 122 225
534 37 23
535 6 170
536 23 6
537 6 38
538 37 23 6 110 202 298 444 144 65 133 445
539 58 6
540 44 37 117 136
541 37 23 6 274 65 119 133 69
542 217 6 105 449 450 78 133
543 6 176 443
544 58 37 6
545 181 6
546 37 23 6 225
547 37 6
548 6 160
549 23 6 160
550 58 189 234 77 37 117 315 339 6 20 220 122 274 454 221 82 455 160 456 457 240 414 38 200 174 65 458 415 459
551 6 443 145
552 37 23 6
553 6 465
554 58 37 23
555 77 44 37 155
556 6 54
557 246 6
558 23 230 6
559 6 53
560 327 289 23
561 37 6
562 7 23 6 218
563 6 65
564 163 117 23 6 469 470 471 83 38 19 154 22
565 155 230 6
566 359 6 122 69
567 23 348 6 426 392 475 38
568 58 37
569 6 20
570 23 6
571 23 6 38
572 58 234 37 6
573 391 6 218
574 23 6 122
575 44 23 6 274
576 6 157
577 37 23
578 44 23
579 181 6 477
580 37 23 6 479
581 117 136 6 137
582 6 160 200
583 6 211
584 6 141 82 482
585 23 6 160
586 23 6 160
587 6 160
588 23 6 160
589 23 6 160
590 23 6 160
591 23 6 160
592 23 6 160 200
593 23 6 160
594 23 6 160
595 23 6 160
596 23 6 160
597 23 6 160
598 6 160
599 23 6 160
600 58 37 6 122 258 38 259 251
601 181 37 155 23 230 6 176
602 6 86 160
603 23 6 82 423 485
604 58 156 117 282 6 486 487 165
605 58 234 117 6 274 221 392 31 38
606 37 23 6 157 224
607 230 6
608 58 234 37 117 6 425 220 274 225 392 38 429 490
609 6 491
610 37 6 202 263
611 6 82
612 6 93
613 37 23 6 103
614 58 494 495 23 496 6 497 210 222 498 499 202 392 423 500 83
615 58 504 6 354 505
616 117 6 122 105 38 259 142 119
617 58 23 6 220 149
618 37 23 6 274 224 475 38 251
619 6 160
620 1 23 6 209 122 274 254 507 127 508 31 509 510
621 339 23 6 122
622 37 136 23 6
623 37 6 220
624 6 514
625 23 6 122 222
626 181 6 498
627 6 110
628 6 160
629 58 37 120 23 230 6 20
630 80 77 23 6
631 23 6
632 58 37 6 143
633 23 230
634 391 155 230 6
635 117 136 23 6
636 181 6
637 58 37 114 6 20 219 110
638 58 37 6 20 219 53 110
639 6 516
640 517 155 23 6 210
641 23 6 210
642 58 181 37
643 6 202
644 518 6 202 263 444
645 315 6 127
646 37 23 81
647 58 77 37 23
648 58 37 23 6 20 258 486 38
649 23 6 42
650 6 218
651 6 520
652 96 6 110
653 23 6 218 225
654 80 23 6
655 58 23
656 77 23 81 6
657 6 143 522
658 23 6
659 6 82
660 58 44 37
661 15 6 18
662 58 234 37 117 23 6 122
663 181 6
664 58 37 6 425 103 220 526 527
665 44 6
666 6 42
667 6 103
668 6 127
669 529 530
670 6 157 42 110
671 37 97 23 6 143 224
672 234 6 303 202
673 37 97 136 23 6 278 303 531
674 58 234 44 37 155 1 23 230 532 6 100 218
675 23 6
676 58 181 234 96 37 97 6 218
677 6 141
678 23 6
679 234 23 6 218
680 6 423 424
681 58 80 529 117 6 218 343 122 257 258 105 535
682 117 6 303 202
683 58 7 189 96 495 37 117 536 537 23 6 218 220 343 261 122 258 210 313
684 6 82
685 134 6
686 96 37 6
687 23 6 258
688 23 6 258
689 58 6 202
690 58 6
691 58 234 37 6
692 181 77 37 6
693 37 6
694 6 103 42 202
695 44 96 1 6 218
696 58 301 181 6
697 52 120
698 58 6
699 6 141
700 161 6 202
701 37 6 353
702 6 127
703 6 141
704 58 234 37 117 23
705 7 6 274
706 6 546
707 181 77 6
708 234 6 321
709 189 355 6
710 58 234 6 548
711 58 6
712 120 312 6
713 117 6
714 384 315 23 6
715 234 6 218 274
716 23 6
717 358 359 23 6
718 373 550 551 342 552 23 99 370 6 218 102 553 333 554 220 555 556 557 558 559
719 58 6 210 143
720 58 77 6 169 548 321 110 291
721 58 131 181 163 96 37 117 136 6 256 106
722 391 155 23 230 6
723 44 312 155 6
724 58 312
725 58 6
726 58 44
727 58 6
728 58 181 189 234 495 37 117 23 6 100 218
729 234 562 6
730 58 234 37 117 217 6 218
731 532 6
732 58 234 77 37 117 6 564
733 58 234 37 6 564
734 368 6
735 6 564 563 274
736 58 234 77 37 117 23 6 564
737 131 6
738 58 234 23 6 218
739 301 234 117
740 131 234 37 117 15 6 218 122
741 6 564
742 96 37
743 58 23 6
744 6 566
745 77 96 315 339 567 246 6
746 58 23 6
747 7 301 234 44 289 6
748 58 131 234 37 117 6 218
749 6 569
750 234 570
751 58 23
752 181 23 193 6
753 37 23 220
754 436 23 44 221
755 37 224 36
756 224 35 37 36 573
757 576 221 137 577
758 159 110 37 83
759 37 221 137
760 37 117
761 37 442
762 58 181 37
763 37 31 443 255 47 581
764 37 117 136 23 220
765 37 274 83 65
766 37 278
767 37 117 584 221
768 37 117
769 37 117
770 37 117
771 44 37
772 37 23
773 37 117 136 169 157
774 37 136 587
775 37 117 160 588
776 37 591 283
777 37 221 137
778 37 155 220 92 592
779 37 117
780 37 221 191 69
781 181 37 224 594
782 37 208 169 143
783 37 588
784 58 189 37 339 100 568 105
785 37 23 24 133
786 58 37 597 598 220 599 202 600
787 58 37 597 598 220 262 599 202 601 65
788 37 117
789 58 37
790 37 47
791 37 82
792 37 136
793 181 77 37 217 605 606 330 607
794 44 37
795 37 117 81 611
796 181 391 37 23
797 37 571 220 221
798 58 37 597 155 23
799 37 1
800 37 23 31
801 37 117
802 37 117
803 58 37 136 548 613 82
804 44 37 31 133
805 44 37 31 188
806 37 155 23 220
807 37 117
808 37 117 36
809 37 117
810 37 82
811 37 117
812 181 77 37 117
813 37 117 23
814 58 44 37
815 37 23
816 58 181 37 157
817 357 37
818 181 37
819 37 117 230 279
820 37 117
821 181 37
822 37 551 117 99
823 37 117 3 279
824 37 117 136 127
825 77 37
826 44 37 117 161 23
827 96 37
828 373 234
829 37 278
830 37 117
831 181 37 117 23
832 37 117 161
833 58 234 37 621
834 44 96 37 208
835 181 37 193 388 623
836 181 44 37 117 136 23 625
837 37 169 220 157 258
838 37 627 100 568 566 628 629 630 631 632
839 37 327
840 58 181 37 635
841 58 37
842 58 301 234 44 37
843 58 37
844 181 37 587
845 58 301 163 44 96 37 569 210
846 37 23 587 106
847 58 181 37 117 155 230 637 366
848 37 639 105
849 37 348 42
850 37 117 587 535
851 44 37
852 58 189 550 37 597 376 627 537 640 23 641 642 100 598 220 566 643 555 261 563 257 644 559
853 181 77 37
854 58 37 645 147
855 181 37
856 37 97
857 181 37 117
858 37 117 278
859 58 37
860 181 77 44 37
861 58 96
862 37 99
863 37 333 220
864 37 117 637
865 77 44 96 37 312 97 646
866 37 117 637
867 96 37 99
868 58 52 96
869 58 301
870 58 391 37 648 117
871 44 37 97 425
872 181 37 637
873 58 37
874 58 163 44 96 37 117 97
875 163 77 37 649 650
876 181 651 37
877 37 208 230
878 58 301 37 117
879 58 7 234 37
880 37 117
881 58 37 551 23
882 58 96 37 551
883 181 77 37
884 58 7 17 37
885 58 181 77
886 58 37 551 97 99
887 58 44 96 37
888 58 181 234 77 44 96 37 327
889 58 37 97
890 301 37
891 37 552 370
892 301 96
893 58 301 37
894 58 181 189 44 96
895 58 181
896 181 77 37
897 58 37
898 58 37
899 58 301 181 234
900 58 52 37 120 282
901 58 181 37 117
902 58 37 551 97
903 181 37
904 58 37 597 627 640 23 652 100
905 58 181
906 58 301
907 58 37
908 181 96
909 301 181 234 77 653 37 551 654 316
910 37 551
911 37 572
912 37 551
913 181 96 37
914 58 181 37
915 58 156 301 181 234 77 655 37
916 58 301 181 37
917 58 52 37
918 58 301 181 37 117
919 58 234
920 100 58 23
921 58 23 133 100 81 585 632 656
922 58 176
923 58 44 260 253
924 58 117
925 58 65
926 58 103
927 58 23
928 58 189 1 23
929 58 44
930 58 96 23 104 31
931 58 23
932 58 1 31 83
933 58 597 23 100
934 58 23 100 105
935 58 181
936 58 181
937 58 181
938 58 80
939 58 368 153 45
940 58 155 23
941 58 117
942 58 597 376 98 642 661 100
943 58 97
944 58 597 161
945 58 117
946 58 23 257 258
947 58 637
948 58 637
949 58 301 44 96
950 58 131 96 81
951 58 181 96
952 58 314
953 58 52
954 58 664
955 58 301
956 58 377
957 58 131
958 58 163
959 58 665
960 58 163
961 58 234
962 58 131
963 58 234
964 58 667 97 377
965 58 301 181 117
966 58 301 181 234 77 44 96
967 58 131 314 96 368
968 58 234
969 58 234 314 670
970 58 301 234 96
971 58 301
972 58 550 671
973 58 181 234 44
974 58 131 181
975 58 181
976 35 36 672 23
977 673 674 675 279 676 132 117 677 23 678 679 680 681
978 44 23 98 127
979 23 31 9 1 282
980 23 133
981 23 122
982 23 688
983 23 230 122
984 23 133 69
985 23 167 122 285
986 689 23 176 38
987 44 23 479
988 23 230 15 160 482
989 23 160 482
990 23 38 251
991 23 38
992 181 23
993 23 64 692
994 23 122 520 694
995 23 221 695 696
996 23 160
997 23 160
998 23 127
999 23 127
1000 23 160
1001 23 127
1002 23 160
1003 181 23
1004 181 117 1 23 278 587 254 31 118 697 611 36
1005 23 31
1006 155 23
1007 23 75 298 360
1008 324 23 261 344 122
1009 80 161 700 23
1010 117 23 701
1011 23 662
1012 161 23 556 344
1013 23 703
1014 181 23 193
1015 117 161
1016 314 23
1017 181 68
1018 358 181 77 10
1019 181 706 266 707
1020 181 706 266 211
1021 107 709 181
1022 181 77 217
1023 181 505 143
1024 181 505
1025 358 181 77 710 549 711 12 712
1026 181 217 330 213
1027 181 77
1028 80 358 181 77 359 372 211 716 10 705 708 717 711 12 718 719
1029 181 193 723 724
1030 181 193 388 266
1031 181 298 482 443
1032 181 701
1033 373 181 117 531
1034 181 127
1035 181 1 218 209 254
1036 80 181
1037 181 193
1038 181 727
1039 181 230
1040 181 653 193
1041 181 77
1042 358 181 77 359
1043 181 44 1 42
1044 181 77
1045 181 217 15 728
1046 181 77 653 155 81 49 34
1047 181 1 209
1048 181 77 230
1049 181 77
1050 181 81
1051 181 77
1052 181 354
1053 181 77
1054 181 77
1055 181 77
1056 181 77
1057 181 234 570
1058 181 653 217 49
1059 181 77 327 1 81
1060 181 653 217 49
1061 181 77
1062 181 77
1063 181 1 230
1064 181 572
1065 181 77 653
1066 181 517
1067 181 77
1068 181 161
1069 181 234
1070 181 77 653
1071 181 52 117
1072 181 391
1073 80 181 77 155
1074 181 77 653
1075 181 77
1076 181 637 347
1077 181 77
1078 181 391
1079 160 200
1080 160 735
1081 230 160 270 737
1082 176 739 160 482 279 200 740 741
1083 160 200
1084 153 20 160
1085 160 200
1086 101 449
1087 127 160
1088 160 200
1089 160 200
1090 127 160
1091 127 160
1092 160 200
1093 127 160
1094 127 160
1095 127 160
1096 127 160
1097 627 160
1098 627 160
1099 20 160
1100 160 200
1101 518 160
1102 160 746
1103 160 482
1104 160 747
1105 117 160 509
1106 260 160
1107 160 200
1108 749 160 482
1109 750 751
1110 339 127
1111 127 160
1112 315 402 339
1113 117 137
1114 117 584 137
1115 373 117 136 110 531 227
1116 117 134
1117 117 106 36
1118 117 509
1119 117 136
1120 117 137
1121 117 137
1122 117 136
1123 117 587
1124 754 317 755 174 627 155 756 521 757 758 482
1125 155 761 200 762
1126 314 25
1127 314 764
1128 314 536 390
1129 314 536 390 639
1130 314 52
1131 314 134
1132 314 536
1133 234 44 289 290
1134 234 96
1135 301 234
1136 234 570 378 49
1137 301 234 44
1138 7 301
1139 769 234 770 378
1140 234 570
1141 234 44 96 327
1142 80 358 234 77 359 689
1143 234 44 96 551 97
1144 494 301 234 44 96
1145 315 265 127
1146 42 127
1147 86 127 83 255
1148 775 127
1149 315 127
1150 315 127
1151 348 42 141
1152 44 103
1153 134 110 38
1154 156 38 133
1155 339 140 568 265 149 118 38 142
1156 122 778
1157 82 281 38
1158 161 197
1159 161 556
1160 7 161
1161 7 161
1162 665 161
1163 161 348
1164 77 161
1165 92 781 392 782 783 784 785 786 787
1166 155 790 788 791 792 793 794
1167 174 61 627 155 633 797
1168 155 353
1169 155 230 530 133
1170 627 155 633 174
1171 155 762 174
1172 155 230 42
1173 155 230 42 141
1174 802 518 155 230
1175 134 155 114 230
1176 379 155
1177 803 804 1
1178 1 806 807 679
1179 1 81 107 498 31
1180 1 209
1181 44 96 1 809 193 345 209 329
1182 7 301 44 651 96 391 655 654 811 97 316 1 193
1183 7 301 44 651 96 391 655 654 811 316 1 193
1184 189 44 342
1185 134 143 272 814
1186 156 134 198
1187 156 134 198 817
1188 295 368 134 15
1189 52 368
1190 819 820
1191 136 110
1192 110 442 137
1193 110 197 822
1194 42 727 110
1195 174 627 823 61 633 824 825 801
1196 627 174
1197 627 246 568
1198 189 529
1199 77 230
1200 828 230
1201 96 551 312 97 376 646 208 230 99
1202 44 96 83
1203 298 83 54 817
1204 96 833
1205 96 833
1206 96 833
1207 327 834 83
1208 283 143
1209 44 96 836 83
1210 217 330
1211 96 646 83 54
1212 157 42
1213 317 274 32
1214 122 119
1215 838 122
1216 156 122 198 816
1217 289 290 122
1218 65 840 841 203
1219 62 20
1220 20 165
1221 42 31 843 29 844
1222 176 846
1223 25 75 307 31
1224 169 42 31 847
1225 52 120
1226 52 120 153 850
1227 96 648 551 153
1228 52 120
1229 52 368
1230 44 45
1231 119 133
1232 42 141 119
1233 156 851
1234 156 853 198 816 839 777
1235 156 163 15 18
1236 156 44
1237 156 97
1238 131 163 295
1239 131 163 96 295
1240 163 667
1241 163 52 665
1242 103 748
1243 103 255
1244 855 856
1245 339 105
1246 339 857 140 858 105
1247 339 105 142
1248 339 246
1249 860 315 689 339 861 568
1250 77 339
1251 131 667 862
1252 193 388
1253 193 34 388
1254 193 388
1255 312 193 321 618
1256 77 193
1257 80 372 804 863 864 865 866 867
1258 80 211
1259 80 518
1260 80 77 81 372
1261 80 358 359
1262 580 136
1263 136 584 587
1264 373 136 531
1265 871 82 872 873 874 875 319 876 877 878
1266 189 881
1267 189 882 883 753
1268 55 885
1269 96 327
1270 44 96
1271 653 667
1272 373 44 96
1273 274 221
1274 221 443
1275 54 817
1276 54 817 886
1277 54 817 886 109
1278 778 54
1279 282 888
1280 93 412 94 889 411
1281 93 412
1282 93 893
1283 93 411 412
1284 93 373
1285 93 273
1286 93 94 889
1287 15 18
1288 44 96
1289 77 44
1290 77 330 211 896
1291 77 211
1292 77 330
1293 258 897
1294 25 157
1295 176 174 898 899
1296 317 174
1297 358 359
1298 197 443
1299 131 52 96
1300 498 482
1301 157 224
1302 253 235
1303 253 240
1304 626 548
1305 169 157
1306 169 548 902 833 62
1307 169 157
1308 384 315 402
1309 708 194
1310 176 846
1311 496 703
1312 10 12
1313 77 10 906 907 12
1314 705 10 12 908
1315 10 705 717 12
1316 778 911
1317 912 755 913 710
1318 149 482
1319 689 914 772
1320 207 12 64 916
1321 52 3
1322 353 636
1323 266 442
1324 307 636 918
1325 921 353 922 636
1326 44 289 309 290 42
1327 831 289
1328 44 96
1329 736 692
1330 372 42
1331 925 165
1332 207 260
1333 928 929 930
1334 928 929
1335 77 78
1336 77 78 452
1337 50 240 51
1338 690 787 933 934
1339 936 937 869 938
1340 936 937 938
1341 42 255
1342 77 802 270
1343 667 941
1344 77 942
1345 480 394
1346 77 213
1347 340 944
1348 494 946 947
1349 949 950 951 937 938
1350 936 937 954 869 938 955 956 951 957
1351 936 937 938
1352 189 23 6 122
1353 962 806
1354 637 587
1355 899 964 965 966 967 968 969 970
1356 973 974
1357 2 16
1358 975 976
1359 6 202 978 979 444
1360 568 293
1361 131 2 6 250
1362 143 522
1363 301 181 37 117
1364 383 314 764 765
1365 23 853 6
1366 80 23 853
1367 117 134
1368 314 379 368 120
1369 58 7 301 181 189 769 234 314 37 120
1370 58 494 373 156 301 131 181 550 234 163 77 44 96 986 37 551 597 649 117 153 97 376 987 504 669 316 646 552 570 377 640 208 230 99 370 6 100 101 218 102 333 622 558 497 210 262 988 599 198
1371 301 44 96 991
1372 2 312 991
1373 301 44 96
1374 301 181 44 96 655 37 551 649
1375 993 994 995
1376 62 997 998 999
1377 1001 1002
1378 1004 1005 1006
1379 62 997 999
1380 938 1009
1381 1011 1012
1382 1011 1012
1383 58 44 37 597 103 220 262
1384 23 127
1385 58 301 131 234 2 37 551 295 117 155 23 637 6 49 290 100 101 218 45 20 343 157 122 347 258 569 338 587
1386 58 1016
1387 37 312 613
1388 1017 1018 1019
1389 52 1021
1390 58 301 96 986 37 551 836 97 327 99 100 333
1391 1023 1024 1025 1026
1392 1028 1029
1393 1031 1032 1033 1034
1394 1036 1037 1038 1039
1395 137 1042
1396 1043 1044 1045 1046
1397 360 263 1048 1049 1050 1051 1052 1053
1398 2 368 153 25 134 260 45 20 72 470 127 118 38 16 251 154
1399 355 6
1400 548 267
1401 181 6
1402 96 6 1062
1403 58 234 117 23 6 122 548 210
1404 80 181 2 155 23 193 15 1064 388 254 110 160
1405 327 764
1406 6 2
1407 6 1067
1408 6 1068
1409 131 71 2
1410 6 127
1411 2 55 60
1412 45 1069 2 1070
1413 37 6 44
1414 2 134
1415 6 122 32 69
1416 77 193 181
1417 37 278 388 117
1418 357 44
1419 6 274 529 525
1420 1071 7
1421 312 143
1422 353 636 1072
1423 120 2
1424 254 2 347
1425 52 120
1426 37 551 378
1427 801 762 174
1428 693 692
1429 37 6 117 511
1430 145 6
1431 23 1 460 181 118 254 698 587 697 117 69 1073
1432 633 61 174 627
1433 6 107 81 77
1434 153 120 1074 357 2
1435 37 6
1436 117 23 1076 155
1437 153 2 1077 252 281 6
1438 6 53
1439 178 2
1440 110 2
1441 80 58 23
1442 52 314 1078
1443 344 342 258 343 2
1444 1079 6
1445 37 96 1081 117
1446 37 274 1083 1084
1447 6 1085 2
1448 306 45 1074
1449 565 2
1450 295 2 402 153 37 1074 1086 1087 368 181 120 96
1451 37 106 143 208
1452 110 137 1076 821
1453 37 220
1454 25 314
1455 218 1 1088 234 1084 44 1075 209
1456 6 301 1089 58
1457 973 974
1458 6 200 160
1459 530 37
1460 113 112
1461 208 6 525 1084
1462 2 77
1463 101 100 61 96 2 107 98 108 102 106 99 44 104 109 1069 83 97
1464 2 55 130
1465 117 23
1466 1091 359 6 3
1467 52 2
1468 2 55 1067 133
1469 37 96 44 58
1470 6 200 160
1471 37 2
1472 77 733
1473 6 200 160
1474 600 598 601 58 571 202 37 1083
1475 37 131 117
1476 1092 200
1477 37 58 163
1478 37 143
1479 96 97 773
1480 44 2
1481 620 637
1482 37 312 2 81
1483 6 25 3 2
1484 140 42 44 1093 141 23 118 372
1485 81 127
1486 2 17
1487 312 773 357
1488 52 120 134
1489 18 314
1490 6 443 761
1491 653 81
1492 37 58
1493 58 1094 636 1072 1095 214 353
1494 300 315
1495 6 2
1496 37 314
1497 120 1097 2 1084
1498 118 44 120 2 125 81 1067
1499 117 72 2 42
1500 320 44 209
1501 6 117 58 77
1502 37 6
1503 812 655 811 301 193 813 7 391 49 1 496 96 651
1504 653 217 77
1505 6 211
1506 6 44
1507 37 453
1508 37 6
1509 314 134
1510 1083 58
1511 301 1075 77 234
1512 775 127
1513 6 70
1514 23 143 1073 1 6 37 181
1515 301 327
1516 314 2 53 1084
1517 368 314
1518 541 6 853 1075
1519 37 6 1098 2
1520 136 58
1521 1077 153
1522 73 2
1523 37 6 275 2
1524 37 6
1525 37 117 58
1526 2 1088
1527 359 80 358 720 708 211 1099 719 372 712 718 711 1091 717 181 721
1528 150 75
1529 37 6 117
1530 37 6
1531 1069 107 730 81
1532 2 38
1533 37 143
1534 37 117
1535 117 23
1536 324 344 258 122 313
1537 37 117 2
1538 312 96 97
1539 77 648 97 37 653 44 301 181
1540 2 289
1541 44 1084
1542 136 587
1543 513 274 117 6 1101 240 1091 15 358
1544 355 2
1545 117 498
1546 6 509 117 23
1547 37 157
1548 117 6 587 143 37 163
1549 214 1084 1067
1550 97 560 117
1551 6 978 202 444 979
1552 37 96 97 44
1553 1050 1052 1054 263 1053 1051 1056 360
1554 6 1069 2 234
1555 37 1103
1556 122 313 234 23 58 117 6
1557 353 218 225 1072 234 636 37 58 44 96 1104
1558 1105 302
1559 97 6
1560 1106 1107
1561 314 2
1562 96 355 208 58
1563 110 2 53
1564 37 2 339
1565 2 58
1566 141 246
1567 69 133 23
1568 388 1
1569 83 501 392 502 494 6 500 503 472 222 58 497 498 499 496 423
1570 301 1084
1571 96 1109 770 669 1110
1572 96 44
1573 2 53
1574 122 119
1575 2 58 163
1576 44 1093 118 81 138 1080 281 167
1577 58 174 1111 23 633 627 155 61 823
1578 2 1084
1579 6 1113
1580 37 42
1581 52 208 58
1582 37 44 1073 1084 1067
1583 37 143 110 6
1584 96 44
1585 2 214
1586 37 117 23
1587 6 200
1588 71 1114
1589 6 327 23
1590 37 312 58
1591 58 96 1084 425 551 107
1592 1 370 386 1088 81 388 209 387 1084 37 2
1593 6 133
1594 72 75
1595 37 1095 224 1084
1596 6 2
1597 6 69
1598 6 200 160 201
1599 44 58
1600 160 457
1601 117 6 97 96 181 2
1602 6 2
1603 1115 145 172 42
1604 6 2
1605 314 357
1606 6 637
1607 1084 155 1067 347 1 230 1070 1088 161 127 1075 1116 23
1608 2 157
1609 96 646 301
1610 96 6 1062
1611 37 117
1612 96 52 153
1613 511 23
1614 96 646
1615 936 955 938
1616 254 246 568
1617 551 37 52 58 2 327
1618 145 6 443
1619 153 75 249
1620 37 349
1621 384 1118
1622 7 189
1623 25 340 2
1624 301 58
1625 401 384
1626 101 449
1627 3 2
1628 1077 110 2
1629 37 155
1630 143 58
1631 240 1115
1632 653 96
1633 52 314
1634 96 833
1635 127 157
1636 153 2
1637 295 486 2
1638 37 136 117 1120
1639 1121 1122
1640 37 2
1641 339 155 230
1642 6 2
1643 37 301
1644 1123 514
1645 96 773 234
1646 200 160 451
1647 96 646 327
1648 136 117
1649 6 107
1650 572 402
1651 2 60 167
1652 2 127 1073
1653 58 97 181 136 648 1084
1654 110 160
1655 813 96 651 44 316 193 811 391 496 7 812 1
1656 6 202
1657 312 6 1125
1658 6 1125 2
1659 137 577
1660 653 773
1661 349 6
1662 330 77
1663 37 6 58 23
1664 301 1075 234 860
1665 200 160
1666 97 143 381 569
1667 2 134 17
1668 6 1072 2
1669 930 931 1126
1670 360 1127 258 2
1671 312 96 7
1672 37 58
1673 6 77 181
1674 96 44
1675 301 44 7 234
1676 6 58
1677 368 52
1678 3 2
1679 6 509
1680 37 136 117 127
1681 114 2
1682 200 160
1683 37 131 58
1684 143 234 44 77 285 373
1685 37 58 23
1686 37 6 643 598
1687 96 143
1688 139 72 2 53
1689 37 551 258
1690 61 174
1691 207 219 2 134 110 37
1692 1115 38
1693 96 120 2
1694 646 2
1695 377 100 167 58
1696 58 23
1697 143 6
1698 37 110 117 127
1699 6 58
1700 653 316 52 181 37 2 301 77 155 58
1701 37 58
1702 301 161 77 234
1703 1077 6 2 38
1704 143 727
1705 6 32 38 23
1706 206 2 133
1707 96 327 357 44
1708 6 1083 32
1709 37 160 588 117
1710 384 314
1711 99 385 339 1129 572 156 2 1130 1131 58 627 1132 1133 25 1084 1134
1712 120 301 2
1713 120 121 1114
1714 110 117 58
1715 96 301 217 389 1
1716 42 1073 1084
1717 1115 143
1718 37 110
1719 37 58
1720 110 58
1721 110 6 584
1722 37 551 117 58
1723 150 151 149 134 38 116 2
1724 269 131 2
1725 6 315 1067
1726 9 111
1727 2 209 1067
1728 1077 6 2 38 23
1729 77 193 347
1730 37 6 44 2
1731 312 96 97
1732 37 6 44
1733 1074 76 2
1734 2 17
1735 1101 443
1736 37 6 202 444 263
1737 188 169 1088 77 37 69
1738 353 798
1739 6 230 58 62 1077 37 23
1740 564 258 2 117 6 274 58 234 122 37
1741 653 378 217
1742 58 37 202 6 519 1069 1138 220
1743 37 6 2 38
1744 312 96
1745 858 140 857 142 105
1746 6 1139 122
1747 58 234
1748 828 2 234
1749 6 344
1750 1084 344 6 556 72 2
1751 37 110 45 2
1752 37 6 2
1753 96 1079 6
1754 2 81
1755 37 551
1756 160 1140 487
1757 37 339 58 23
1758 384 314
1759 1125 357
1760 272 6
1761 606 37 607 330 608 605 217 1141
1762 368 52
1763 37 653
1764 368 314 357 282 52 120 1075
1765 6 527
1766 137 1042
1767 6 360 225 210
1768 45 127 23 1067 58 6 249
1769 282 285 1077 284 286 153 283
1770 96 833
1771 6 202 543
1772 6 1139 122
1773 37 117
1774 52 153 120 314
1775 312 6 72 2
1776 6 44 2
1777 37 1138
1778 37 97
1779 127 117 52 1073 37 2
1780 37 2
1781 74 365
1782 209 1084
1783 58 234 769 96 529 44 301 181
1784 200 160
1785 117 2
1786 37 214
1787 96 668 327
1788 37 143 208
1789 137 117 752 1076
1790 37 283 83
1791 37 357
1792 37 117
1793 6 200 160
1794 120 1142
1795 6 200 160
1796 120 110 6 2
1797 6 122 140
1798 96 153 773
1799 52 153
1800 265 1143 1107 568 142 61 339 38 140
1801 1144 246 568 167
1802 37 96
1803 37 2
1804 97 156 209
1805 226 219 181 83 37 229 1077 143 221 224 218 58 222 2 36 227 154 217 1083 225 220 38 1145 223
1806 44 97 1084 551 153 2
1807 50 2 60 63
1808 37 117
1809 37 2
1810 73 72 2 55
1811 234 208 81 37 357 153 163 301
1812 193 155 181
1813 117 58
1814 6 3 2
1815 143 828 44
1816 2 53
1817 110 2 134 338
1818 1077 1069 2 214
1819 37 110 58
1820 6 44 2 1067
1821 153 282
1822 37 6 453 225
1823 44 1
1824 37 6 587 117
1825 2 69
1826 37 117
1827 244 2
1828 1077 185
1829 653 330 388 77
1830 301 645
1831 37 221 118
1832 117 2
1833 312 208 376 591 230 49 96 99 551
1834 6 1146 23
1835 220 6 425 122
1836 52 1147 25 75
